0 433
0 128
0 887
0 970
0 261
0 615
0 399
0 801
0 51
0 876
0 355
0 879
0 742
0 483
0 848
0 166
0 361
0 861
0 426
0 556
0 146
0 43
0 578
0 487
0 679
0 168
0 878
0 181
0 410
0 313
0 563
0 617
0 225
0 141
0 160
0 903
0 647
0 573
0 778
0 71
0 505
0 510
0 603
0 44
0 937
0 834
0 297
0 724
0 683
0 497
0 904
0 980
0 788
0 159
0 598
0 757
0 90
0 120
0 263
0 865
0 888
0 419
0 407
0 979
0 652
0 243
0 61
0 55
0 803
0 481
0 606
0 799
0 484
0 149
0 957
0 265
0 337
0 665
0 424
0 956
0 238
0 107
0 157
0 877
0 986
0 292
0 192
0 95
0 958
0 406
0 323
0 964
0 821
0 137
0 284
0 754
0 610
0 78
0 176
0 191
