0 0 0
5 76 0
0 0 0
0 0 0
0 0 0
0 0 0
0 0 0
0 0 0
0 0 0
11 43 0
54 95 0
0 0 0
0 0 0
0 0 0
46 56 0
0 0 0
49 50 0
0 0 0
0 0 0
0 0 0
0 0 0
68 33 0
0 0 0
0 0 0
0 0 0
0 0 0
0 0 0
0 0 0
0 0 0
50 45 0
61 12 0
0 0 0
69 23 0
0 0 0
0 0 0
0 0 0
46 54 0
0 0 0
0 0 0
0 0 0
0 0 0
0 0 0
0 0 0
0 0 0
0 0 0
50 25 0
0 0 0
0 0 0
18 27 0
0 0 0
0 0 0
0 0 0
0 0 0
0 0 0
0 0 0
27 75 0
24 54 0
0 0 0
0 0 0
0 0 0
41 62 0
0 0 0
0 0 0
0 0 0
0 0 0
0 0 0
0 0 0
0 0 0
0 0 0
0 0 0
0 0 0
38 74 0
0 0 0
69 17 0
0 0 0
40 22 0
0 0 0
0 0 0
16 75 0
0 0 0
0 0 0
0 0 0
0 0 0
28 22 0
0 0 0
0 0 0
0 0 0
0 0 0
0 0 0
0 0 0
45 90 0
0 0 0
28 40 0
0 0 0
0 0 0
0 0 0
0 0 0
0 0 0
0 0 0
0 0 0
57 60 0
6 56 0
0 0 0
0 0 0
0 0 0
27 55 0
50 84 0
0 0 0
71 87 0
0 0 0
0 0 0
0 0 0
67 50 0
0 0 0
0 0 0
0 0 0
7 30 0
24 2 0
0 0 0
0 0 0
56 83 0
0 0 0
43 90 0
0 0 0
52 100 0
0 0 0
0 0 0
0 0 0
30 93 0
0 0 0
0 0 0
0 0 0
0 0 0
0 0 0
32 43 0
63 98 0
0 0 0
19 56 0
0 0 0
0 0 0
27 95 0
0 0 0
0 0 0
0 0 0
0 0 0
1 50 0
15 98 0
65 26 0
0 0 0
0 0 0
0 0 0
0 0 0
47 11 0
0 0 0
0 0 0
0 0 0
0 0 0
53 92 0
0 0 0
0 0 0
0 0 0
0 0 0
0 0 0
0 0 0
29 29 0
33 95 0
0 0 0
12 95 0
0 0 0
0 0 0
0 0 0
0 0 0
0 0 0
0 0 0
13 41 0
0 0 0
0 0 0
22 66 0
0 0 0
0 0 0
0 0 0
0 0 0
0 0 0
0 0 0
0 0 0
0 0 0
0 0 0
0 0 0
0 0 0
0 0 0
9 63 0
0 0 0
0 0 0
65 98 0
0 0 0
0 0 0
0 0 0
0 0 0
35 65 0
0 0 0
13 31 0
0 0 0
0 0 0
37 21 0
0 0 0
0 0 0
0 0 0
0 0 0
0 0 0
0 0 0
0 0 0
0 0 0
0 0 0
0 0 0
71 53 0
0 0 0
0 0 0
0 0 0
0 0 0
0 0 0
0 0 0
0 0 0
71 9 0
0 0 0
0 0 0
0 0 0
0 0 0
0 0 0
0 0 0
0 0 0
31 71 0
0 0 0
0 0 0
0 0 0
41 48 0
0 0 0
0 0 0
0 0 0
0 0 0
0 0 0
0 0 0
0 0 0
0 0 0
0 0 0
44 72 0
0 0 0
0 0 0
0 0 0
0 0 0
0 0 0
0 0 0
0 0 0
0 0 0
0 0 0
0 0 0
59 62 0
32 13 0
0 0 0
0 0 0
0 0 0
0 0 0
0 0 0
0 0 0
0 0 0
45 66 0
0 0 0
0 0 0
0 0 0
0 0 0
0 0 0
0 0 0
0 0 0
0 0 0
8 35 0
0 0 0
31 77 0
0 0 0
0 0 0
5 25 0
20 62 0
2 49 0
19 4 0
24 95 0
18 89 0
21 24 0
18 36 0
33 73 0
19 6 0
0 0 0
0 0 0
0 0 0
10 30 0
0 0 0
0 0 0
0 0 0
0 0 0
0 0 0
0 0 0
0 0 0
0 0 0
0 0 0
0 0 0
0 0 0
0 0 0
0 0 0
0 0 0
49 27 0
0 0 0
0 0 0
0 0 0
34 64 0
0 0 0
0 0 0
3 55 0
0 0 0
0 0 0
0 0 0
16 38 0
0 0 0
43 52 0
0 0 0
0 0 0
0 0 0
0 0 0
0 0 0
0 0 0
0 0 0
0 0 0
0 0 0
0 0 0
0 0 0
0 0 0
0 0 0
0 0 0
0 0 0
0 0 0
0 0 0
13 9 0
0 0 0
0 0 0
0 0 0
0 0 0
73 41 0
0 0 0
1 20 0
0 0 0
0 0 0
0 0 0
0 0 0
0 0 0
30 100 0
0 0 0
31 65 0
0 0 0
58 31 0
0 0 0
72 27 0
45 92 0
0 0 0
0 0 0
23 67 0
0 0 0
2 87 0
48 26 0
0 0 0
48 47 0
0 0 0
0 0 0
0 0 0
59 52 0
0 0 0
0 0 0
0 0 0
0 0 0
0 0 0
0 0 0
0 0 0
0 0 0
0 0 0
0 0 0
0 0 0
0 0 0
0 0 0
0 0 0
6 99 0
0 0 0
0 0 0
0 0 0
0 0 0
0 0 0
0 0 0
0 0 0
0 0 0
0 0 0
3 100 0
2 60 0
72 56 0
0 0 0
62 27 0
0 0 0
0 0 0
0 0 0
0 0 0
0 0 0
0 0 0
0 0 0
0 0 0
0 0 0
63 54 0
73 53 0
0 0 0
0 0 0
0 0 0
0 0 0
0 0 0
0 0 0
60 53 0
0 0 0
0 0 0
0 0 0
0 0 0
0 0 0
0 0 0
0 0 0
27 93 0
33 75 0
30 40 0
0 0 0
0 0 0
0 0 0
50 94 0
0 0 0
59 71 0
0 0 0
0 0 0
0 0 0
50 20 0
0 0 0
28 24 0
10 66 0
0 0 0
0 0 0
71 28 0
0 0 0
70 89 0
0 0 0
0 0 0
0 0 0
54 19 0
0 0 0
4 15 0
0 0 0
0 0 0
21 29 0
0 0 0
0 0 0
0 0 0
0 0 0
0 0 0
0 0 0
67 34 0
0 0 0
0 0 0
0 0 0
0 0 0
0 0 0
0 0 0
0 0 0
20 69 0
0 0 0
0 0 0
0 0 0
0 0 0
9 48 0
29 11 0
0 0 0
52 93 0
0 0 0
0 0 0
0 0 0
41 71 0
0 0 0
0 0 0
0 0 0
0 0 0
43 45 0
0 0 0
0 0 0
0 0 0
0 0 0
57 23 0
0 0 0
70 19 0
32 98 0
0 0 0
60 14 0
0 0 0
6 97 0
0 0 0
0 0 0
0 0 0
0 0 0
0 0 0
59 18 0
0 0 0
0 0 0
0 0 0
0 0 0
0 0 0
0 0 0
0 0 0
0 0 0
0 0 0
0 0 0
0 0 0
0 0 0
0 0 0
0 0 0
0 0 0
35 20 0
0 0 0
0 0 0
0 0 0
0 0 0
0 0 0
0 0 0
58 97 0
16 25 0
0 0 0
44 30 0
0 0 0
0 0 0
0 0 0
0 0 0
0 0 0
0 0 0
0 0 0
16 30 0
0 0 0
0 0 0
0 0 0
0 0 0
0 0 0
51 31 0
0 0 0
0 0 0
0 0 0
69 86 0
0 0 0
0 0 0
0 0 0
0 0 0
0 0 0
0 0 0
45 32 0
0 0 0
44 60 0
0 0 0
0 0 0
0 0 0
0 0 0
36 22 0
0 0 0
46 51 0
0 0 0
0 0 0
0 0 0
0 0 0
0 0 0
6 23 0
0 0 0
0 0 0
0 0 0
0 0 0
0 0 0
10 28 0
0 0 0
0 0 0
0 0 0
0 0 0
0 0 0
55 81 0
0 0 0
2 23 0
0 0 0
0 0 0
0 0 0
0 0 0
0 0 0
0 0 0
0 0 0
0 0 0
25 43 0
0 0 0
0 0 0
0 0 0
0 0 0
57 48 0
0 0 0
0 0 0
1 59 0
0 0 0
0 0 0
0 0 0
0 0 0
0 0 0
0 0 0
0 0 0
33 67 0
5 16 0
0 0 0
53 31 0
0 0 0
0 0 0
8 95 0
26 92 0
0 0 0
64 23 0
25 11 0
0 0 0
0 0 0
34 48 0
0 0 0
53 87 0
3 84 0
0 0 0
32 5 0
0 0 0
0 0 0
0 0 0
17 100 0
0 0 0
0 0 0
0 0 0
0 0 0
0 0 0
40 68 0
0 0 0
0 0 0
0 0 0
0 0 0
0 0 0
31 39 0
0 0 0
0 0 0
48 94 0
15 17 0
24 70 0
0 0 0
0 0 0
0 0 0
52 91 0
0 0 0
0 0 0
0 0 0
0 0 0
0 0 0
0 0 0
0 0 0
0 0 0
0 0 0
0 0 0
0 0 0
0 0 0
24 25 0
0 0 0
25 94 0
0 0 0
0 0 0
0 0 0
0 0 0
0 0 0
0 0 0
0 0 0
0 0 0
0 0 0
0 0 0
64 27 0
53 33 0
36 38 0
0 0 0
0 0 0
0 0 0
0 0 0
39 83 0
0 0 0
43 40 0
0 0 0
0 0 0
0 0 0
35 27 0
0 0 0
0 0 0
4 53 0
22 100 0
67 52 0
0 0 0
0 0 0
0 0 0
0 0 0
58 40 0
0 0 0
0 0 0
0 0 0
30 48 0
62 88 0
0 0 0
9 89 0
0 0 0
15 57 0
0 0 0
0 0 0
66 3 0
0 0 0
0 0 0
0 0 0
0 0 0
0 0 0
0 0 0
0 0 0
69 3 0
0 0 0
0 0 0
0 0 0
55 20 0
0 0 0
0 0 0
0 0 0
0 0 0
0 0 0
60 46 0
0 0 0
0 0 0
0 0 0
0 0 0
0 0 0
7 59 0
0 0 0
0 0 0
0 0 0
0 0 0
17 96 0
7 14 0
0 0 0
10 23 0
0 0 0
0 0 0
2 11 0
41 74 0
0 0 0
0 0 0
0 0 0
0 0 0
0 0 0
0 0 0
0 0 0
0 0 0
0 0 0
0 0 0
0 0 0
0 0 0
29 13 0
0 0 0
0 0 0
0 0 0
0 0 0
0 0 0
0 0 0
28 36 0
0 0 0
48 53 0
35 39 0
0 0 0
0 0 0
0 0 0
0 0 0
0 0 0
0 0 0
64 89 0
62 99 0
0 0 0
0 0 0
0 0 0
0 0 0
0 0 0
12 87 0
0 0 0
35 42 0
0 0 0
0 0 0
0 0 0
0 0 0
0 0 0
0 0 0
0 0 0
12 26 0
7 28 0
0 0 0
0 0 0
14 7 0
0 0 0
17 4 0
0 0 0
0 0 0
0 0 0
30 27 0
0 0 0
0 0 0
0 0 0
0 0 0
0 0 0
0 0 0
0 0 0
0 0 0
30 37 0
0 0 0
0 0 0
0 0 0
37 15 0
0 0 0
25 55 0
39 47 0
0 0 0
0 0 0
0 0 0
0 0 0
51 22 0
0 0 0
32 72 0
0 0 0
0 0 0
0 0 0
0 0 0
1 86 0
30 76 0
0 0 0
28 100 0
0 0 0
0 0 0
35 13 0
0 0 0
23 55 0
38 40 0
24 35 0
0 0 0
0 0 0
0 0 0
0 0 0
0 0 0
0 0 0
41 89 0
34 76 0
0 0 0
70 33 0
0 0 0
0 0 0
0 0 0
0 0 0
0 0 0
0 0 0
0 0 0
0 0 0
0 0 0
0 0 0
0 0 0
0 0 0
0 0 0
0 0 0
0 0 0
4 56 0
0 0 0
0 0 0
32 7 0
0 0 0
0 0 0
0 0 0
0 0 0
0 0 0
0 0 0
26 74 0
42 34 0
15 49 0
0 0 0
0 0 0
0 0 0
0 0 0
0 0 0
0 0 0
0 0 0
0 0 0
0 0 0
8 65 0
0 0 0
0 0 0
0 0 0
0 0 0
0 0 0
0 0 0
0 0 0
0 0 0
0 0 0
49 36 0
0 0 0
0 0 0
11 27 0
27 45 0
64 99 0
73 24 0
0 0 0
52 30 0
0 0 0
0 0 0
0 0 0
0 0 0
0 0 0
0 0 0
0 0 0
44 39 0
0 0 0
0 0 0
38 16 0
0 0 0
0 0 0
0 0 0
0 0 0
0 0 0
0 0 0
0 0 0
0 0 0
0 0 0
0 0 0
38 33 0
42 85 0
0 0 0
0 0 0
0 0 0
0 0 0
0 0 0
0 0 0
54 93 0
0 0 0
0 0 0
71 57 0
46 91 0
0 0 0
0 0 0
0 0 0
0 0 0
0 0 0
0 0 0
0 0 0
0 0 0
13 71 0
15 4 0
0 0 0
0 0 0
63 59 0
22 91 0
0 0 0
38 12 0
0 0 0
72 54 0
0 0 0
0 0 0
0 0 0
0 0 0
0 0 0
0 0 0
9 61 0
0 0 0
0 0 0
0 0 0
0 0 0
0 0 0
0 0 0
35 69 0
0 0 0
26 72 0
54 7 0
0 0 0
57 58 0
0 0 0
67 85 0
38 22 0
0 0 0
32 76 0
49 97 0
59 11 0
0 0 0
0 0 0
25 60 0
0 0 0
0 0 0
0 0 0
0 0 0
0 0 0
0 0 0
0 0 0
16 58 0
0 0 0
0 0 0
22 35 0
0 0 0
0 0 0
0 0 0
0 0 0
0 0 0
0 0 0
8 49 0
36 51 0
32 100 0
0 0 0
0 0 0
0 0 0
0 0 0
66 97 0
0 0 0
9 50 0
0 0 0
0 0 0
0 0 0
0 0 0
0 0 0
0 0 0
16 9 0
0 0 0
0 0 0
0 0 0
0 0 0
0 0 0
0 0 0
0 0 0
0 0 0
0 0 0
11 33 0
0 0 0
0 0 0
0 0 0
0 0 0
0 0 0
0 0 0
68 22 0
0 0 0
0 0 0
0 0 0
0 0 0
0 0 0
0 0 0
0 0 0
0 0 0
0 0 0
46 99 0
0 0 0
0 0 0
0 0 0
6 15 0
0 0 0
66 80 0
0 0 0
0 0 0
0 0 0
0 0 0
29 9 0
0 0 0
0 0 0
0 0 0
0 0 0
0 0 0
46 13 0
0 0 0
0 0 0
0 0 0
0 0 0
0 0 0
0 0 0
0 0 0
65 20 0
0 0 0
59 20 0
11 19 0
0 0 0
0 0 0
0 0 0
21 48 0
0 0 0
0 0 0
0 0 0
0 0 0
0 0 0
67 71 0
0 0 0
0 0 0
44 93 0
0 0 0
0 0 0
69 30 0
0 0 0
0 0 0
47 24 0
0 0 0
0 0 0
31 99 0
0 0 0
0 0 0
0 0 0
19 30 0
0 0 0
69 72 0
0 0 0
0 0 0
0 0 0
0 0 0
0 0 0
0 0 0
36 63 0
0 0 0
0 0 0
0 0 0
0 0 0
0 0 0
37 100 0
0 0 0
0 0 0
0 0 0
64 95 0
0 0 0
0 0 0
0 0 0
0 0 0
32 70 0
59 96 0
0 0 0
0 0 0
0 0 0
0 0 0
0 0 0
0 0 0
0 0 0
63 15 0
62 24 0
0 0 0
2 85 0
4 22 0
0 0 0
56 57 0
0 0 0
0 0 0
0 0 0
0 0 0
0 0 0
0 0 0
0 0 0
70 99 0
0 0 0
0 0 0
0 0 0
0 0 0
0 0 0
0 0 0
0 0 0
0 0 0
0 0 0
0 0 0
0 0 0
0 0 0
0 0 0
0 0 0
0 0 0
73 98 0
71 34 0
0 0 0
0 0 0
0 0 0
0 0 0
0 0 0
0 0 0
0 0 0
0 0 0
0 0 0
69 51 0
0 0 0
0 0 0
0 0 0
0 0 0
0 0 0
0 0 0
18 79 0
0 0 0
13 2 0
0 0 0
0 0 0
26 38 0
0 0 0
0 0 0
0 0 0
0 0 0
57 93 0
15 74 0
0 0 0
0 0 0
51 54 0
1 100 0
23 43 0
40 82 0
0 0 0
0 0 0
39 69 0
1 18 0
0 0 0
22 37 0
61 85 0
0 0 0
11 21 0
0 0 0
0 0 0
27 41 0
0 0 0
0 0 0
0 0 0
0 0 0
0 0 0
0 0 0
0 0 0
0 0 0
17 80 0
36 14 0
0 0 0
6 8 0
0 0 0
0 0 0
0 0 0
0 0 0
24 30 0
0 0 0
0 0 0
0 0 0
0 0 0
0 0 0
0 0 0
0 0 0
45 38 0
64 49 0
0 0 0
20 92 0
0 0 0
0 0 0
0 0 0
0 0 0
0 0 0
21 56 0
0 0 0
0 0 0
0 0 0
0 0 0
0 0 0
0 0 0
0 0 0
0 0 0
0 0 0
58 82 0
0 0 0
0 0 0
0 0 0
0 0 0
0 0 0
0 0 0
0 0 0
0 0 0
0 0 0
0 0 0
0 0 0
0 0 0
0 0 0
0 0 0
60 61 0
23 9 0
0 0 0
0 0 0
38 66 0
0 0 0
41 60 0
0 0 0
30 15 0
0 0 0
0 0 0
0 0 0
0 0 0
12 83 0
0 0 0
11 73 0
0 0 0
37 67 0
0 0 0
0 0 0
0 0 0
0 0 0
0 0 0
0 0 0
0 0 0
30 24 0
0 0 0
0 0 0
0 0 0
0 0 0
0 0 0
0 0 0
0 0 0
14 95 0
0 0 0
0 0 0
0 0 0
0 0 0
0 0 0
0 0 0
0 0 0
0 0 0
0 0 0
0 0 0
15 13 0
0 0 0
39 62 0
34 33 0
0 0 0
0 0 0
0 0 0
0 0 0
0 0 0
17 76 0
0 0 0
0 0 0
0 0 0
0 0 0
0 0 0
24 22 0
0 0 0
0 0 0
0 0 0
68 41 0
0 0 0
29 45 0
4 27 0
0 0 0
0 0 0
0 0 0
0 0 0
0 0 0
0 0 0
0 0 0
0 0 0
0 0 0
38 26 0
0 0 0
0 0 0
0 0 0
0 0 0
0 0 0
0 0 0
0 0 0
0 0 0
0 0 0
0 0 0
0 0 0
0 0 0
0 0 0
28 44 0
0 0 0
24 16 0
0 0 0
0 0 0
3 19 0
8 55 0
0 0 0
51 67 0
0 0 0
0 0 0
0 0 0
0 0 0
0 0 0
0 0 0
0 0 0
36 71 0
0 0 0
0 0 0
3 61 0
0 0 0
23 76 0
36 28 0
57 29 0
0 0 0
0 0 0
0 0 0
0 0 0
30 43 0
0 0 0
0 0 0
2 53 0
33 15 0
0 0 0
0 0 0
0 0 0
0 0 0
36 16 0
0 0 0
0 0 0
0 0 0
0 0 0
0 0 0
52 68 0
28 68 0
0 0 0
34 53 0
0 0 0
0 0 0
0 0 0
0 0 0
28 54 0
0 0 0
0 0 0
14 60 0
0 0 0
41 69 0
46 27 0
0 0 0
19 78 0
0 0 0
33 71 0
18 38 0
0 0 0
0 0 0
0 0 0
15 2 0
0 0 0
0 0 0
0 0 0
0 0 0
29 71 0
0 0 0
0 0 0
0 0 0
0 0 0
25 26 0
0 0 0
0 0 0
0 0 0
0 0 0
0 0 0
0 0 0
28 26 0
0 0 0
0 0 0
0 0 0
58 19 0
0 0 0
0 0 0
0 0 0
9 59 0
0 0 0
0 0 0
0 0 0
72 31 0
0 0 0
0 0 0
0 0 0
73 100 0
4 89 0
56 32 0
0 0 0
0 0 0
61 15 0
0 0 0
0 0 0
0 0 0
0 0 0
0 0 0
0 0 0
0 0 0
0 0 0
2 66 0
0 0 0
0 0 0
0 0 0
0 0 0
0 0 0
0 0 0
0 0 0
0 0 0
0 0 0
0 0 0
0 0 0
70 2 0
0 0 0
0 0 0
0 0 0
0 0 0
0 0 0
9 20 0
0 0 0
0 0 0
0 0 0
64 69 0
0 0 0
0 0 0
71 60 0
0 0 0
0 0 0
0 0 0
2 83 0
58 99 0
0 0 0
0 0 0
0 0 0
0 0 0
0 0 0
8 31 0
0 0 0
0 0 0
0 0 0
0 0 0
0 0 0
0 0 0
0 0 0
62 32 0
0 0 0
0 0 0
38 8 0
54 35 0
0 0 0
0 0 0
0 0 0
0 0 0
0 0 0
0 0 0
0 0 0
0 0 0
0 0 0
0 0 0
0 0 0
68 43 0
0 0 0
0 0 0
0 0 0
0 0 0
27 15 0
0 0 0
0 0 0
0 0 0
0 0 0
0 0 0
0 0 0
65 81 0
0 0 0
0 0 0
0 0 0
0 0 0
63 94 0
35 35 0
0 0 0
0 0 0
0 0 0
0 0 0
70 95 0
0 0 0
0 0 0
0 0 0
0 0 0
67 44 0
0 0 0
0 0 0
0 0 0
69 44 0
0 0 0
0 0 0
7 70 0
0 0 0
7 47 0
11 29 0
0 0 0
0 0 0
51 92 0
22 2 0
0 0 0
0 0 0
0 0 0
21 70 0
0 0 0
0 0 0
0 0 0
0 0 0
59 47 0
27 71 0
0 0 0
0 0 0
0 0 0
20 13 0
0 0 0
0 0 0
0 0 0
0 0 0
27 77 0
0 0 0
0 0 0
0 0 0
0 0 0
0 0 0
0 0 0
0 0 0
0 0 0
0 0 0
0 0 0
0 0 0
0 0 0
0 0 0
48 98 0
0 0 0
0 0 0
0 0 0
41 29 0
0 0 0
0 0 0
0 0 0
0 0 0
39 67 0
44 89 0
0 0 0
0 0 0
0 0 0
54 99 0
0 0 0
26 40 0
0 0 0
21 52 0
9 29 0
23 20 0
0 0 0
39 7 0
20 88 0
0 0 0
0 0 0
0 0 0
0 0 0
0 0 0
0 0 0
32 24 0
16 73 0
16 23 0
55 58 0
61 52 0
0 0 0
0 0 0
0 0 0
0 0 0
23 69 0
0 0 0
8 93 0
0 0 0
0 0 0
0 0 0
0 0 0
0 0 0
0 0 0
0 0 0
0 0 0
0 0 0
0 0 0
0 0 0
0 0 0
0 0 0
0 0 0
0 0 0
0 0 0
0 0 0
34 50 0
0 0 0
0 0 0
73 57 0
0 0 0
54 23 0
46 84 0
72 29 0
0 0 0
47 78 0
23 71 0
0 0 0
0 0 0
0 0 0
0 0 0
36 66 0
73 96 0
0 0 0
0 0 0
0 0 0
0 0 0
0 0 0
0 0 0
0 0 0
0 0 0
0 0 0
0 0 0
0 0 0
42 67 0
0 0 0
0 0 0
0 0 0
0 0 0
40 70 0
0 0 0
25 53 0
34 41 0
68 87 0
0 0 0
21 73 0
0 0 0
0 0 0
46 8 0
0 0 0
0 0 0
0 0 0
19 87 0
0 0 0
27 69 0
0 0 0
0 0 0
68 95 0
0 0 0
0 0 0
0 0 0
0 0 0
0 0 0
35 15 0
65 90 0
24 68 0
0 0 0
56 30 0
9 14 0
0 0 0
18 99 0
33 37 0
0 0 0
68 73 0
0 0 0
43 31 0
0 0 0
0 0 0
0 0 0
0 0 0
0 0 0
0 0 0
0 0 0
0 0 0
0 0 0
0 0 0
0 0 0
0 0 0
59 88 0
4 60 0
0 0 0
0 0 0
0 0 0
51 73 0
0 0 0
7 98 0
0 0 0
39 13 0
0 0 0
0 0 0
24 59 0
0 0 0
0 0 0
0 0 0
0 0 0
61 54 0
0 0 0
0 0 0
0 0 0
69 58 0
0 0 0
0 0 0
0 0 0
0 0 0
65 100 0
20 25 0
0 0 0
0 0 0
2 96 0
0 0 0
0 0 0
0 0 0
0 0 0
16 3 0
0 0 0
0 0 0
0 0 0
0 0 0
0 0 0
0 0 0
0 0 0
0 0 0
0 0 0
0 0 0
0 0 0
0 0 0
70 59 0
0 0 0
0 0 0
0 0 0
25 91 0
0 0 0
63 72 0
0 0 0
60 72 0
0 0 0
0 0 0
0 0 0
69 94 0
0 0 0
47 28 0
0 0 0
48 16 0
0 0 0
0 0 0
0 0 0
0 0 0
0 0 0
0 0 0
0 0 0
0 0 0
0 0 0
0 0 0
0 0 0
0 0 0
0 0 0
0 0 0
0 0 0
0 0 0
0 0 0
62 45 0
23 39 0
0 0 0
0 0 0
0 0 0
63 70 0
0 0 0
0 0 0
0 0 0
0 0 0
0 0 0
0 0 0
0 0 0
0 0 0
0 0 0
0 0 0
0 0 0
0 0 0
0 0 0
0 0 0
0 0 0
54 73 0
0 0 0
61 23 0
0 0 0
52 19 0
19 37 0
0 0 0
12 85 0
0 0 0
0 0 0
0 0 0
0 0 0
0 0 0
0 0 0
0 0 0
0 0 0
0 0 0
0 0 0
0 0 0
73 94 0
0 0 0
32 41 0
0 0 0
0 0 0
31 20 0
0 0 0
22 25 0
16 32 0
31 67 0
0 0 0
0 0 0
0 0 0
0 0 0
0 0 0
6 88 0
36 43 0
0 0 0
71 26 0
0 0 0
0 0 0
37 35 0
0 0 0
0 0 0
0 0 0
0 0 0
0 0 0
0 0 0
0 0 0
0 0 0
0 0 0
0 0 0
54 16 0
37 59 0
0 0 0
67 21 0
0 0 0
52 46 0
56 99 0
55 18 0
0 0 0
0 0 0
0 0 0
0 0 0
70 47 0
0 0 0
0 0 0
52 65 0
0 0 0
0 0 0
0 0 0
0 0 0
0 0 0
0 0 0
0 0 0
0 0 0
0 0 0
0 0 0
53 64 0
19 2 0
0 0 0
0 0 0
17 51 0
1 24 0
0 0 0
0 0 0
72 75 0
0 0 0
56 39 0
0 0 0
51 61 0
0 0 0
0 0 0
0 0 0
0 0 0
0 0 0
0 0 0
0 0 0
0 0 0
30 78 0
0 0 0
46 70 0
0 0 0
0 0 0
71 84 0
0 0 0
72 12 0
0 0 0
0 0 0
0 0 0
0 0 0
0 0 0
0 0 0
0 0 0
21 78 0
0 0 0
0 0 0
0 0 0
1 92 0
73 15 0
0 0 0
0 0 0
62 53 0
0 0 0
29 67 0
61 41 0
6 67 0
20 79 0
0 0 0
16 5 0
39 88 0
34 96 0
0 0 0
0 0 0
0 0 0
0 0 0
0 0 0
0 0 0
0 0 0
0 0 0
0 0 0
0 0 0
0 0 0
47 73 0
0 0 0
0 0 0
0 0 0
9 18 0
0 0 0
0 0 0
0 0 0
0 0 0
0 0 0
0 0 0
47 63 0
0 0 0
18 3 0
0 0 0
0 0 0
0 0 0
0 0 0
0 0 0
66 94 0
0 0 0
0 0 0
60 42 0
0 0 0
0 0 0
0 0 0
0 0 0
0 0 0
23 60 0
45 14 0
5 14 0
0 0 0
14 18 0
0 0 0
0 0 0
0 0 0
31 14 0
0 0 0
0 0 0
0 0 0
33 60 0
0 0 0
0 0 0
0 0 0
0 0 0
0 0 0
0 0 0
0 0 0
0 0 0
0 0 0
0 0 0
71 96 0
0 0 0
49 52 0
0 0 0
0 0 0
0 0 0
0 0 0
0 0 0
0 0 0
54 21 0
0 0 0
17 88 0
0 0 0
0 0 0
26 42 0
44 100 0
17 6 0
0 0 0
0 0 0
0 0 0
0 0 0
0 0 0
0 0 0
0 0 0
0 0 0
0 0 0
0 0 0
32 48 0
0 0 0
0 0 0
0 0 0
0 0 0
0 0 0
0 0 0
0 0 0
0 0 0
0 0 0
0 0 0
0 0 0
0 0 0
0 0 0
0 0 0
1 61 0
8 10 0
38 63 0
0 0 0
19 90 0
0 0 0
0 0 0
0 0 0
0 0 0
18 93 0
63 44 0
68 15 0
0 0 0
0 0 0
72 97 0
0 0 0
26 70 0
0 0 0
0 0 0
0 0 0
0 0 0
15 26 0
0 0 0
0 0 0
55 94 0
0 0 0
56 88 0
0 0 0
13 57 0
0 0 0
0 0 0
0 0 0
15 92 0
0 0 0
0 0 0
18 25 0
0 0 0
0 0 0
0 0 0
0 0 0
0 0 0
0 0 0
0 0 0
0 0 0
0 0 0
0 0 0
0 0 0
0 0 0
0 0 0
0 0 0
0 0 0
0 0 0
0 0 0
0 0 0
0 0 0
23 36 0
0 0 0
0 0 0
0 0 0
0 0 0
0 0 0
0 0 0
0 0 0
0 0 0
0 0 0
0 0 0
0 0 0
0 0 0
68 20 0
45 73 0
49 67 0
7 87 0
0 0 0
0 0 0
0 0 0
0 0 0
0 0 0
0 0 0
30 46 0
73 51 0
0 0 0
15 22 0
0 0 0
0 0 0
0 0 0
0 0 0
0 0 0
69 28 0
0 0 0
0 0 0
0 0 0
46 34 0
0 0 0
21 61 0
0 0 0
67 28 0
0 0 0
0 0 0
0 0 0
0 0 0
0 0 0
0 0 0
73 22 0
0 0 0
14 56 0
0 0 0
0 0 0
0 0 0
13 69 0
0 0 0
0 0 0
0 0 0
0 0 0
0 0 0
0 0 0
0 0 0
0 0 0
0 0 0
0 0 0
22 77 0
0 0 0
0 0 0
0 0 0
0 0 0
31 47 0
62 16 0
18 73 0
1 14 0
0 0 0
48 41 0
0 0 0
0 0 0
0 0 0
0 0 0
62 93 0
68 31 0
0 0 0
51 47 0
0 0 0
0 0 0
0 0 0
0 0 0
72 45 0
7 85 0
0 0 0
42 16 0
0 0 0
0 0 0
0 0 0
0 0 0
0 0 0
0 0 0
0 0 0
0 0 0
0 0 0
0 0 0
0 0 0
41 35 0
0 0 0
0 0 0
0 0 0
1 22 0
0 0 0
66 67 0
27 10 0
0 0 0
0 0 0
0 0 0
0 0 0
0 0 0
0 0 0
0 0 0
0 0 0
0 0 0
0 0 0
0 0 0
0 0 0
44 51 0
0 0 0
0 0 0
0 0 0
0 0 0
0 0 0
0 0 0
0 0 0
0 0 0
0 0 0
0 0 0
59 69 0
0 0 0
0 0 0
59 100 0
0 0 0
0 0 0
37 32 0
0 0 0
0 0 0
0 0 0
0 0 0
1 52 0
0 0 0
7 18 0
0 0 0
0 0 0
0 0 0
0 0 0
0 0 0
0 0 0
0 0 0
42 53 0
5 96 0
0 0 0
0 0 0
66 47 0
57 38 0
2 27 0
19 28 0
0 0 0
0 0 0
0 0 0
19 35 0
18 61 0
61 73 0
0 0 0
0 0 0
0 0 0
0 0 0
0 0 0
66 73 0
0 0 0
0 0 0
23 1 0
40 42 0
0 0 0
0 0 0
0 0 0
0 0 0
0 0 0
0 0 0
0 0 0
0 0 0
55 22 0
0 0 0
0 0 0
0 0 0
14 12 0
0 0 0
0 0 0
0 0 0
0 0 0
35 49 0
6 19 0
0 0 0
0 0 0
8 53 0
0 0 0
0 0 0
0 0 0
0 0 0
48 92 0
0 0 0
0 0 0
0 0 0
0 0 0
0 0 0
26 12 0
0 0 0
0 0 0
67 58 0
0 0 0
0 0 0
0 0 0
27 66 0
0 0 0
0 0 0
0 0 0
19 71 0
55 31 0
0 0 0
0 0 0
0 0 0
0 0 0
0 0 0
0 0 0
0 0 0
69 100 0
0 0 0
0 0 0
31 54 0
0 0 0
29 97 0
51 37 0
63 35 0
0 0 0
73 20 0
0 0 0
55 70 0
0 0 0
0 0 0
0 0 0
0 0 0
0 0 0
0 0 0
0 0 0
0 0 0
0 0 0
0 0 0
0 0 0
0 0 0
0 0 0
0 0 0
0 0 0
0 0 0
0 0 0
40 100 0
0 0 0
0 0 0
10 78 0
0 0 0
0 0 0
0 0 0
0 0 0
10 32 0
38 44 0
64 34 0
0 0 0
0 0 0
0 0 0
0 0 0
0 0 0
0 0 0
0 0 0
0 0 0
0 0 0
0 0 0
52 60 0
46 67 0
1 98 0
1 48 0
0 0 0
0 0 0
69 34 0
20 100 0
0 0 0
45 48 0
72 21 0
0 0 0
0 0 0
0 0 0
8 86 0
0 0 0
0 0 0
0 0 0
0 0 0
0 0 0
52 62 0
52 28 0
0 0 0
0 0 0
0 0 0
68 99 0
26 24 0
0 0 0
0 0 0
0 0 0
0 0 0
0 0 0
49 63 0
0 0 0
0 0 0
0 0 0
38 61 0
48 10 0
0 0 0
0 0 0
0 0 0
11 98 0
0 0 0
0 0 0
0 0 0
0 0 0
0 0 0
0 0 0
0 0 0
0 0 0
57 50 0
0 0 0
0 0 0
0 0 0
0 0 0
0 0 0
33 99 0
0 0 0
0 0 0
38 68 0
0 0 0
0 0 0
34 43 0
0 0 0
0 0 0
43 38 0
0 0 0
0 0 0
0 0 0
0 0 0
0 0 0
0 0 0
0 0 0
0 0 0
0 0 0
14 100 0
0 0 0
0 0 0
0 0 0
0 0 0
23 94 0
0 0 0
0 0 0
42 49 0
0 0 0
0 0 0
10 88 0
0 0 0
61 35 0
0 0 0
40 40 0
0 0 0
0 0 0
18 95 0
0 0 0
0 0 0
65 52 0
0 0 0
0 0 0
69 88 0
72 52 0
50 62 0
0 0 0
0 0 0
0 0 0
12 16 0
7 61 0
0 0 0
45 7 0
0 0 0
0 0 0
0 0 0
0 0 0
0 0 0
0 0 0
39 4 0
0 0 0
0 0 0
0 0 0
0 0 0
0 0 0
71 3 0
0 0 0
0 0 0
0 0 0
11 79 0
0 0 0
0 0 0
0 0 0
0 0 0
45 44 0
0 0 0
0 0 0
0 0 0
8 71 0
0 0 0
0 0 0
0 0 0
0 0 0
0 0 0
0 0 0
39 90 0
0 0 0
0 0 0
0 0 0
0 0 0
0 0 0
0 0 0
0 0 0
72 58 0
0 0 0
11 9 0
0 0 0
0 0 0
0 0 0
65 70 0
25 1 0
0 0 0
0 0 0
0 0 0
0 0 0
0 0 0
0 0 0
0 0 0
0 0 0
0 0 0
0 0 0
0 0 0
0 0 0
26 67 0
0 0 0
0 0 0
7 89 0
0 0 0
0 0 0
0 0 0
0 0 0
0 0 0
0 0 0
0 0 0
0 0 0
0 0 0
11 15 0
0 0 0
0 0 0
0 0 0
0 0 0
0 0 0
0 0 0
73 81 0
43 66 0
0 0 0
0 0 0
0 0 0
0 0 0
0 0 0
0 0 0
0 0 0
43 17 0
0 0 0
0 0 0
0 0 0
0 0 0
13 23 0
0 0 0
0 0 0
0 0 0
0 0 0
32 78 0
0 0 0
0 0 0
0 0 0
0 0 0
0 0 0
0 0 0
0 0 0
0 0 0
0 0 0
0 0 0
0 0 0
0 0 0
0 0 0
0 0 0
0 0 0
0 0 0
0 0 0
73 28 0
0 0 0
0 0 0
5 28 0
44 41 0
8 60 0
0 0 0
0 0 0
50 53 0
0 0 0
0 0 0
0 0 0
0 0 0
0 0 0
0 0 0
0 0 0
33 12 0
53 36 0
0 0 0
0 0 0
0 0 0
3 17 0
0 0 0
0 0 0
0 0 0
0 0 0
0 0 0
0 0 0
0 0 0
0 0 0
0 0 0
0 0 0
0 0 0
0 0 0
24 56 0
0 0 0
33 63 0
58 15 0
0 0 0
47 95 0
0 0 0
59 56 0
0 0 0
45 12 0
49 61 0
0 0 0
0 0 0
0 0 0
0 0 0
0 0 0
0 0 0
0 0 0
0 0 0
10 26 0
0 0 0
0 0 0
9 98 0
0 0 0
39 72 0
0 0 0
45 61 0
0 0 0
3 95 0
0 0 0
0 0 0
0 0 0
63 26 0
0 0 0
0 0 0
17 37 0
0 0 0
60 99 0
0 0 0
0 0 0
0 0 0
0 0 0
70 14 0
0 0 0
0 0 0
0 0 0
0 0 0
0 0 0
0 0 0
0 0 0
15 8 0
0 0 0
0 0 0
0 0 0
0 0 0
0 0 0
0 0 0
0 0 0
0 0 0
0 0 0
17 22 0
15 77 0
0 0 0
0 0 0
0 0 0
0 0 0
0 0 0
0 0 0
0 0 0
0 0 0
0 0 0
0 0 0
0 0 0
0 0 0
0 0 0
0 0 0
8 58 0
0 0 0
0 0 0
16 93 0
51 88 0
28 12 0
0 0 0
0 0 0
0 0 0
0 0 0
0 0 0
0 0 0
0 0 0
60 64 0
61 83 0
0 0 0
0 0 0
0 0 0
0 0 0
0 0 0
46 43 0
0 0 0
0 0 0
42 39 0
13 54 0
0 0 0
51 63 0
0 0 0
0 0 0
0 0 0
0 0 0
0 0 0
0 0 0
0 0 0
0 0 0
0 0 0
0 0 0
34 72 0
0 0 0
53 59 0
0 0 0
0 0 0
33 40 0
25 45 0
0 0 0
0 0 0
0 0 0
68 70 0
16 36 0
0 0 0
0 0 0
61 25 0
0 0 0
0 0 0
17 8 0
0 0 0
0 0 0
38 37 0
71 46 0
0 0 0
19 11 0
0 0 0
0 0 0
0 0 0
0 0 0
25 89 0
0 0 0
0 0 0
0 0 0
0 0 0
0 0 0
0 0 0
0 0 0
0 0 0
63 52 0
0 0 0
0 0 0
0 0 0
67 88 0
0 0 0
0 0 0
0 0 0
0 0 0
42 65 0
64 58 0
0 0 0
0 0 0
0 0 0
0 0 0
0 0 0
0 0 0
73 84 0
0 0 0
0 0 0
0 0 0
39 65 0
0 0 0
0 0 0
0 0 0
0 0 0
0 0 0
0 0 0
14 80 0
0 0 0
0 0 0
35 73 0
0 0 0
0 0 0
0 0 0
0 0 0
0 0 0
51 34 0
0 0 0
0 0 0
0 0 0
14 28 0
32 74 0
0 0 0
0 0 0
42 18 0
22 98 0
4 51 0
16 99 0
48 45 0
0 0 0
2 64 0
16 89 0
0 0 0
0 0 0
0 0 0
0 0 0
38 71 0
0 0 0
0 0 0
0 0 0
0 0 0
65 50 0
0 0 0
0 0 0
0 0 0
0 0 0
0 0 0
0 0 0
0 0 0
25 39 0
0 0 0
0 0 0
0 0 0
61 96 0
0 0 0
0 0 0
0 0 0
0 0 0
0 0 0
0 0 0
0 0 0
0 0 0
0 0 0
45 53 0
24 46 0
62 43 0
0 0 0
0 0 0
0 0 0
0 0 0
0 0 0
0 0 0
0 0 0
0 0 0
20 72 0
71 20 0
0 0 0
17 92 0
0 0 0
52 74 0
0 0 0
0 0 0
2 89 0
20 10 0
66 53 0
0 0 0
0 0 0
44 13 0
0 0 0
0 0 0
0 0 0
40 11 0
0 0 0
0 0 0
0 0 0
0 0 0
15 88 0
0 0 0
0 0 0
0 0 0
0 0 0
0 0 0
0 0 0
3 26 0
0 0 0
0 0 0
0 0 0
0 0 0
0 0 0
0 0 0
0 0 0
0 0 0
35 2 0
0 0 0
0 0 0
0 0 0
0 0 0
0 0 0
0 0 0
0 0 0
0 0 0
5 55 0
0 0 0
0 0 0
0 0 0
0 0 0
28 76 0
0 0 0
42 11 0
0 0 0
60 36 0
0 0 0
0 0 0
6 86 0
70 31 0
0 0 0
0 0 0
0 0 0
0 0 0
0 0 0
0 0 0
0 0 0
46 60 0
0 0 0
24 37 0
0 0 0
0 0 0
0 0 0
0 0 0
26 46 0
68 57 0
0 0 0
0 0 0
0 0 0
12 66 0
0 0 0
0 0 0
0 0 0
0 0 0
0 0 0
0 0 0
6 90 0
0 0 0
0 0 0
0 0 0
0 0 0
52 58 0
0 0 0
41 26 0
0 0 0
0 0 0
0 0 0
21 3 0
0 0 0
63 83 0
25 62 0
61 69 0
51 99 0
0 0 0
0 0 0
0 0 0
0 0 0
0 0 0
0 0 0
48 51 0
0 0 0
0 0 0
0 0 0
19 94 0
0 0 0
0 0 0
0 0 0
0 0 0
0 0 0
0 0 0
0 0 0
0 0 0
0 0 0
0 0 0
10 96 0
0 0 0
0 0 0
18 75 0
0 0 0
0 0 0
28 38 0
0 0 0
0 0 0
0 0 0
0 0 0
61 44 0
0 0 0
0 0 0
63 48 0
13 29 0
0 0 0
71 1 0
0 0 0
0 0 0
0 0 0
0 0 0
0 0 0
0 0 0
0 0 0
0 0 0
0 0 0
12 11 0
0 0 0
0 0 0
24 90 0
0 0 0
60 24 0
0 0 0
0 0 0
0 0 0
0 0 0
0 0 0
0 0 0
0 0 0
0 0 0
0 0 0
0 0 0
0 0 0
0 0 0
0 0 0
17 53 0
0 0 0
0 0 0
0 0 0
40 34 0
3 50 0
0 0 0
0 0 0
14 15 0
0 0 0
24 73 0
0 0 0
0 0 0
48 34 0
0 0 0
0 0 0
0 0 0
0 0 0
0 0 0
33 23 0
3 57 0
0 0 0
48 66 0
0 0 0
0 0 0
0 0 0
0 0 0
0 0 0
72 80 0
0 0 0
0 0 0
15 24 0
0 0 0
0 0 0
44 95 0
0 0 0
0 0 0
0 0 0
0 0 0
0 0 0
30 66 0
0 0 0
0 0 0
0 0 0
51 51 0
0 0 0
0 0 0
61 58 0
0 0 0
0 0 0
0 0 0
0 0 0
0 0 0
0 0 0
0 0 0
0 0 0
0 0 0
12 58 0
0 0 0
0 0 0
0 0 0
0 0 0
0 0 0
0 0 0
0 0 0
0 0 0
9 68 0
0 0 0
0 0 0
42 30 0
42 100 0
0 0 0
25 34 0
58 46 0
0 0 0
11 59 0
0 0 0
0 0 0
0 0 0
0 0 0
0 0 0
0 0 0
2 15 0
54 69 0
61 94 0
0 0 0
0 0 0
0 0 0
0 0 0
0 0 0
0 0 0
0 0 0
0 0 0
0 0 0
0 0 0
0 0 0
0 0 0
0 0 0
15 29 0
0 0 0
67 48 0
0 0 0
0 0 0
33 69 0
0 0 0
0 0 0
0 0 0
0 0 0
0 0 0
0 0 0
0 0 0
0 0 0
64 67 0
0 0 0
0 0 0
0 0 0
52 48 0
0 0 0
0 0 0
2 62 0
28 72 0
0 0 0
13 25 0
44 91 0
0 0 0
0 0 0
60 51 0
0 0 0
0 0 0
70 85 0
45 42 0
15 51 0
0 0 0
0 0 0
0 0 0
0 0 0
56 67 0
0 0 0
0 0 0
0 0 0
0 0 0
0 0 0
0 0 0
0 0 0
30 12 0
0 0 0
8 26 0
0 0 0
0 0 0
43 99 0
0 0 0
0 0 0
0 0 0
0 0 0
0 0 0
0 0 0
0 0 0
0 0 0
0 0 0
0 0 0
11 86 0
65 17 0
49 65 0
0 0 0
0 0 0
0 0 0
9 72 0
12 5 0
0 0 0
0 0 0
51 90 0
0 0 0
0 0 0
0 0 0
0 0 0
0 0 0
0 0 0
0 0 0
8 97 0
9 87 0
43 71 0
31 49 0
53 98 0
0 0 0
0 0 0
0 0 0
0 0 0
0 0 0
0 0 0
0 0 0
0 0 0
0 0 0
0 0 0
0 0 0
69 60 0
0 0 0
0 0 0
0 0 0
4 69 0
0 0 0
0 0 0
0 0 0
0 0 0
0 0 0
0 0 0
55 87 0
0 0 0
29 73 0
34 66 0
0 0 0
29 49 0
0 0 0
0 0 0
0 0 0
1 65 0
0 0 0
17 67 0
0 0 0
0 0 0
0 0 0
0 0 0
0 0 0
0 0 0
0 0 0
0 0 0
0 0 0
0 0 0
0 0 0
0 0 0
0 0 0
0 0 0
66 82 0
24 44 0
0 0 0
0 0 0
0 0 0
23 29 0
3 30 0
0 0 0
0 0 0
0 0 0
0 0 0
0 0 0
0 0 0
0 0 0
0 0 0
0 0 0
0 0 0
0 0 0
14 97 0
0 0 0
0 0 0
7 24 0
0 0 0
0 0 0
0 0 0
0 0 0
0 0 0
3 88 0
35 23 0
0 0 0
0 0 0
0 0 0
0 0 0
0 0 0
0 0 0
48 60 0
18 77 0
70 45 0
0 0 0
0 0 0
21 99 0
0 0 0
0 0 0
0 0 0
49 91 0
0 0 0
0 0 0
0 0 0
17 29 0
0 0 0
0 0 0
0 0 0
0 0 0
0 0 0
0 0 0
0 0 0
38 14 0
0 0 0
0 0 0
0 0 0
0 0 0
53 47 0
0 0 0
55 49 0
0 0 0
0 0 0
0 0 0
0 0 0
0 0 0
0 0 0
0 0 0
0 0 0
0 0 0
0 0 0
0 0 0
0 0 0
57 21 0
0 0 0
6 65 0
0 0 0
9 24 0
0 0 0
21 38 0
0 0 0
0 0 0
0 0 0
0 0 0
0 0 0
32 96 0
0 0 0
39 18 0
0 0 0
20 95 0
0 0 0
0 0 0
0 0 0
0 0 0
62 97 0
0 0 0
22 95 0
0 0 0
0 0 0
0 0 0
0 0 0
0 0 0
0 0 0
0 0 0
31 30 0
64 84 0
0 0 0
0 0 0
0 0 0
0 0 0
0 0 0
5 59 0
0 0 0
0 0 0
0 0 0
0 0 0
0 0 0
0 0 0
0 0 0
18 57 0
0 0 0
0 0 0
0 0 0
59 58 0
27 64 0
13 4 0
0 0 0
71 74 0
0 0 0
0 0 0
0 0 0
47 61 0
0 0 0
37 13 0
0 0 0
0 0 0
0 0 0
0 0 0
0 0 0
0 0 0
0 0 0
0 0 0
0 0 0
0 0 0
31 23 0
0 0 0
10 16 0
23 34 0
58 61 0
0 0 0
0 0 0
0 0 0
0 0 0
0 0 0
0 0 0
18 17 0
0 0 0
0 0 0
60 89 0
0 0 0
21 26 0
0 0 0
44 28 0
0 0 0
0 0 0
0 0 0
28 14 0
0 0 0
0 0 0
0 0 0
0 0 0
0 0 0
0 0 0
56 97 0
0 0 0
0 0 0
0 0 0
0 0 0
72 93 0
0 0 0
0 0 0
0 0 0
0 0 0
0 0 0
0 0 0
0 0 0
0 0 0
46 10 0
0 0 0
0 0 0
0 0 0
0 0 0
0 0 0
0 0 0
0 0 0
0 0 0
0 0 0
0 0 0
0 0 0
0 0 0
72 16 0
0 0 0
0 0 0
0 0 0
0 0 0
0 0 0
73 1 0
0 0 0
66 19 0
62 14 0
45 96 0
0 0 0
0 0 0
0 0 0
0 0 0
0 0 0
0 0 0
34 26 0
53 61 0
0 0 0
0 0 0
46 86 0
17 94 0
0 0 0
1 16 0
0 0 0
37 41 0
23 74 0
0 0 0
0 0 0
27 39 0
11 56 0
11 50 0
66 89 0
0 0 0
0 0 0
59 98 0
0 0 0
0 0 0
41 64 0
29 53 0
0 0 0
0 0 0
0 0 0
16 56 0
0 0 0
0 0 0
0 0 0
0 0 0
0 0 0
0 0 0
0 0 0
21 36 0
0 0 0
0 0 0
0 0 0
0 0 0
43 43 0
0 0 0
21 9 0
0 0 0
0 0 0
0 0 0
0 0 0
0 0 0
0 0 0
0 0 0
0 0 0
0 0 0
0 0 0
23 57 0
0 0 0
0 0 0
0 0 0
0 0 0
17 39 0
32 27 0
0 0 0
0 0 0
18 23 0
64 51 0
37 23 0
0 0 0
0 0 0
0 0 0
0 0 0
0 0 0
0 0 0
0 0 0
0 0 0
0 0 0
0 0 0
0 0 0
0 0 0
0 0 0
68 55 0
0 0 0
0 0 0
0 0 0
0 0 0
0 0 0
15 59 0
0 0 0
0 0 0
3 63 0
0 0 0
27 13 0
50 81 0
70 73 0
0 0 0
0 0 0
0 0 0
0 0 0
0 0 0
0 0 0
0 0 0
0 0 0
0 0 0
0 0 0
0 0 0
0 0 0
0 0 0
0 0 0
0 0 0
0 0 0
0 0 0
0 0 0
0 0 0
0 0 0
7 96 0
48 32 0
0 0 0
64 25 0
0 0 0
0 0 0
0 0 0
0 0 0
0 0 0
54 83 0
40 91 0
0 0 0
23 12 0
0 0 0
4 80 0
0 0 0
0 0 0
0 0 0
0 0 0
54 30 0
0 0 0
0 0 0
0 0 0
0 0 0
0 0 0
0 0 0
0 0 0
0 0 0
0 0 0
0 0 0
0 0 0
0 0 0
60 49 0
0 0 0
0 0 0
0 0 0
30 96 0
0 0 0
0 0 0
0 0 0
7 100 0
33 51 0
0 0 0
0 0 0
0 0 0
5 100 0
0 0 0
0 0 0
0 0 0
4 11 0
0 0 0
0 0 0
0 0 0
0 0 0
0 0 0
0 0 0
0 0 0
0 0 0
0 0 0
0 0 0
39 32 0
43 24 0
0 0 0
0 0 0
72 85 0
0 0 0
6 29 0
0 0 0
0 0 0
0 0 0
0 0 0
0 0 0
0 0 0
37 87 0
0 0 0
0 0 0
0 0 0
0 0 0
0 0 0
0 0 0
0 0 0
0 0 0
26 32 0
0 0 0
0 0 0
71 55 0
0 0 0
0 0 0
0 0 0
0 0 0
0 0 0
0 0 0
0 0 0
0 0 0
0 0 0
0 0 0
0 0 0
0 0 0
55 28 0
1 88 0
11 25 0
0 0 0
54 97 0
0 0 0
0 0 0
0 0 0
0 0 0
0 0 0
0 0 0
0 0 0
0 0 0
0 0 0
0 0 0
8 19 0
0 0 0
44 6 0
0 0 0
0 0 0
55 91 0
57 52 0
0 0 0
0 0 0
51 29 0
41 12 0
0 0 0
0 0 0
6 63 0
50 98 0
0 0 0
0 0 0
0 0 0
70 83 0
0 0 0
0 0 0
0 0 0
8 69 0
20 53 0
13 99 0
0 0 0
0 0 0
0 0 0
0 0 0
0 0 0
0 0 0
57 84 0
0 0 0
30 68 0
0 0 0
0 0 0
0 0 0
0 0 0
0 0 0
24 33 0
0 0 0
0 0 0
0 0 0
0 0 0
0 0 0
0 0 0
49 48 0
0 0 0
0 0 0
0 0 0
0 0 0
26 98 0
0 0 0
0 0 0
0 0 0
0 0 0
66 30 0
24 88 0
0 0 0
0 0 0
0 0 0
0 0 0
0 0 0
8 15 0
0 0 0
0 0 0
0 0 0
0 0 0
36 75 0
0 0 0
0 0 0
0 0 0
0 0 0
0 0 0
0 0 0
0 0 0
0 0 0
0 0 0
0 0 0
0 0 0
69 26 0
0 0 0
15 96 0
55 79 0
0 0 0
0 0 0
63 41 0
40 61 0
0 0 0
0 0 0
0 0 0
0 0 0
59 50 0
0 0 0
0 0 0
53 22 0
72 19 0
0 0 0
0 0 0
0 0 0
59 73 0
0 0 0
0 0 0
0 0 0
0 0 0
0 0 0
0 0 0
24 13 0
0 0 0
26 100 0
0 0 0
0 0 0
0 0 0
68 29 0
0 0 0
0 0 0
0 0 0
0 0 0
0 0 0
0 0 0
0 0 0
0 0 0
0 0 0
0 0 0
0 0 0
0 0 0
0 0 0
0 0 0
28 74 0
0 0 0
0 0 0
57 56 0
0 0 0
0 0 0
62 95 0
0 0 0
0 0 0
53 96 0
50 66 0
0 0 0
0 0 0
0 0 0
0 0 0
0 0 0
0 0 0
0 0 0
0 0 0
0 0 0
57 36 0
0 0 0
37 17 0
0 0 0
66 55 0
0 0 0
34 16 0
63 96 0
0 0 0
0 0 0
0 0 0
0 0 0
0 0 0
0 0 0
0 0 0
52 21 0
0 0 0
0 0 0
0 0 0
0 0 0
26 44 0
28 98 0
0 0 0
3 98 0
0 0 0
0 0 0
30 70 0
0 0 0
0 0 0
0 0 0
0 0 0
0 0 0
55 13 0
0 0 0
0 0 0
0 0 0
0 0 0
41 54 0
0 0 0
0 0 0
0 0 0
0 0 0
59 38 0
36 61 0
0 0 0
0 0 0
0 0 0
25 71 0
0 0 0
0 0 0
0 0 0
0 0 0
0 0 0
0 0 0
0 0 0
17 70 0
0 0 0
0 0 0
0 0 0
0 0 0
0 0 0
0 0 0
0 0 0
14 1 0
0 0 0
0 0 0
0 0 0
0 0 0
45 63 0
69 32 0
0 0 0
33 77 0
0 0 0
0 0 0
26 78 0
0 0 0
0 0 0
0 0 0
0 0 0
0 0 0
35 60 0
0 0 0
0 0 0
0 0 0
40 37 0
0 0 0
0 0 0
0 0 0
0 0 0
50 72 0
12 3 0
0 0 0
0 0 0
0 0 0
0 0 0
0 0 0
0 0 0
0 0 0
0 0 0
29 41 0
0 0 0
0 0 0
41 17 0
29 35 0
68 59 0
56 37 0
0 0 0
0 0 0
0 0 0
14 93 0
27 99 0
0 0 0
0 0 0
50 18 0
0 0 0
0 0 0
0 0 0
0 0 0
3 65 0
0 0 0
27 27 0
60 86 0
0 0 0
0 0 0
0 0 0
0 0 0
0 0 0
0 0 0
0 0 0
0 0 0
0 0 0
0 0 0
0 0 0
0 0 0
0 0 0
47 31 0
0 0 0
55 65 0
0 0 0
0 0 0
73 88 0
0 0 0
29 65 0
0 0 0
0 0 0
0 0 0
0 0 0
0 0 0
0 0 0
10 53 0
0 0 0
40 53 0
0 0 0
0 0 0
0 0 0
0 0 0
0 0 0
14 38 0
24 40 0
0 0 0
9 94 0
0 0 0
1 94 0
0 0 0
0 0 0
4 20 0
0 0 0
41 19 0
0 0 0
0 0 0
18 69 0
0 0 0
0 0 0
0 0 0
0 0 0
0 0 0
0 0 0
0 0 0
0 0 0
0 0 0
0 0 0
0 0 0
0 0 0
0 0 0
0 0 0
0 0 0
0 0 0
0 0 0
0 0 0
0 0 0
0 0 0
0 0 0
67 10 0
0 0 0
0 0 0
0 0 0
0 0 0
0 0 0
0 0 0
0 0 0
0 0 0
0 0 0
0 0 0
0 0 0
0 0 0
0 0 0
0 0 0
0 0 0
0 0 0
0 0 0
0 0 0
0 0 0
0 0 0
0 0 0
0 0 0
71 100 0
26 16 0
0 0 0
0 0 0
0 0 0
0 0 0
0 0 0
16 12 0
0 0 0
31 44 0
0 0 0
0 0 0
0 0 0
0 0 0
0 0 0
0 0 0
0 0 0
0 0 0
70 52 0
21 54 0
53 72 0
0 0 0
0 0 0
0 0 0
0 0 0
0 0 0
0 0 0
30 21 0
0 0 0
30 10 0
0 0 0
0 0 0
0 0 0
0 0 0
20 57 0
0 0 0
0 0 0
0 0 0
71 98 0
0 0 0
43 29 0
8 22 0
0 0 0
0 0 0
42 92 0
0 0 0
0 0 0
0 0 0
0 0 0
0 0 0
0 0 0
0 0 0
0 0 0
0 0 0
44 70 0
15 94 0
0 0 0
0 0 0
0 0 0
0 0 0
0 0 0
0 0 0
0 0 0
0 0 0
0 0 0
58 35 0
22 13 0
0 0 0
27 97 0
0 0 0
20 51 0
33 65 0
0 0 0
0 0 0
1 29 0
32 64 0
4 82 0
0 0 0
0 0 0
62 82 0
41 50 0
0 0 0
0 0 0
55 60 0
0 0 0
0 0 0
0 0 0
0 0 0
42 81 0
0 0 0
0 0 0
2 31 0
0 0 0
48 14 0
50 74 0
0 0 0
0 0 0
0 0 0
0 0 0
0 0 0
0 0 0
69 81 0
0 0 0
0 0 0
71 32 0
0 0 0
47 65 0
0 0 0
0 0 0
0 0 0
0 0 0
0 0 0
14 70 0
0 0 0
34 4 0
0 0 0
0 0 0
0 0 0
0 0 0
0 0 0
72 47 0
0 0 0
0 0 0
0 0 0
0 0 0
64 3 0
0 0 0
0 0 0
25 17 0
0 0 0
0 0 0
0 0 0
0 0 0
0 0 0
18 49 0
0 0 0
0 0 0
5 98 0
53 49 0
0 0 0
0 0 0
0 0 0
21 76 0
0 0 0
0 0 0
0 0 0
0 0 0
0 0 0
0 0 0
0 0 0
0 0 0
37 39 0
0 0 0
0 0 0
0 0 0
29 47 0
0 0 0
0 0 0
18 41 0
0 0 0
0 0 0
47 55 0
0 0 0
0 0 0
0 0 0
30 64 0
0 0 0
38 54 0
17 26 0
0 0 0
0 0 0
0 0 0
0 0 0
0 0 0
45 71 0
44 47 0
0 0 0
70 43 0
0 0 0
0 0 0
57 34 0
0 0 0
8 99 0
0 0 0
28 78 0
0 0 0
49 99 0
44 16 0
15 11 0
0 0 0
39 30 0
0 0 0
0 0 0
60 82 0
0 0 0
73 90 0
0 0 0
0 0 0
0 0 0
0 0 0
0 0 0
0 0 0
65 48 0
39 41 0
0 0 0
0 0 0
0 0 0
0 0 0
0 0 0
0 0 0
0 0 0
0 0 0
22 40 0
0 0 0
0 0 0
0 0 0
0 0 0
0 0 0
0 0 0
0 0 0
67 98 0
0 0 0
53 56 0
0 0 0
4 58 0
0 0 0
0 0 0
0 0 0
0 0 0
0 0 0
0 0 0
0 0 0
0 0 0
0 0 0
0 0 0
0 0 0
0 0 0
0 0 0
0 0 0
2 25 0
0 0 0
0 0 0
0 0 0
0 0 0
0 0 0
0 0 0
0 0 0
21 5 0
0 0 0
0 0 0
0 0 0
0 0 0
0 0 0
0 0 0
0 0 0
0 0 0
17 62 0
0 0 0
0 0 0
0 0 0
0 0 0
41 10 0
0 0 0
0 0 0
0 0 0
0 0 0
0 0 0
16 66 0
0 0 0
0 0 0
0 0 0
61 100 0
0 0 0
10 64 0
0 0 0
0 0 0
0 0 0
0 0 0
65 28 0
19 22 0
0 0 0
0 0 0
0 0 0
67 18 0
0 0 0
9 52 0
0 0 0
70 65 0
0 0 0
16 71 0
0 0 0
0 0 0
0 0 0
0 0 0
0 0 0
36 24 0
0 0 0
0 0 0
0 0 0
25 7 0
0 0 0
0 0 0
0 0 0
0 0 0
0 0 0
24 100 0
0 0 0
30 98 0
0 0 0
0 0 0
0 0 0
0 0 0
0 0 0
0 0 0
0 0 0
71 41 0
64 60 0
0 0 0
0 0 0
0 0 0
0 0 0
0 0 0
22 53 0
0 0 0
0 0 0
0 0 0
27 37 0
0 0 0
0 0 0
73 30 0
21 1 0
68 53 0
0 0 0
0 0 0
34 61 0
0 0 0
0 0 0
16 69 0
56 19 0
8 84 0
37 79 0
39 24 0
22 72 0
0 0 0
0 0 0
0 0 0
0 0 0
0 0 0
0 0 0
10 74 0
0 0 0
0 0 0
0 0 0
0 0 0
0 0 0
0 0 0
13 79 0
0 0 0
0 0 0
33 49 0
0 0 0
59 84 0
0 0 0
0 0 0
0 0 0
0 0 0
0 0 0
0 0 0
0 0 0
52 55 0
0 0 0
0 0 0
61 31 0
0 0 0
0 0 0
0 0 0
0 0 0
36 33 0
0 0 0
0 0 0
40 51 0
0 0 0
0 0 0
0 0 0
37 47 0
0 0 0
52 50 0
0 0 0
0 0 0
0 0 0
0 0 0
0 0 0
0 0 0
0 0 0
0 0 0
0 0 0
0 0 0
71 48 0
0 0 0
0 0 0
0 0 0
0 0 0
22 93 0
0 0 0
0 0 0
0 0 0
65 86 0
20 59 0
0 0 0
0 0 0
0 0 0
67 13 0
0 0 0
0 0 0
63 50 0
0 0 0
0 0 0
0 0 0
47 52 0
0 0 0
0 0 0
0 0 0
0 0 0
0 0 0
58 94 0
0 0 0
0 0 0
0 0 0
0 0 0
0 0 0
0 0 0
52 97 0
0 0 0
30 19 0
0 0 0
0 0 0
0 0 0
0 0 0
0 0 0
0 0 0
0 0 0
0 0 0
0 0 0
0 0 0
13 13 0
52 52 0
0 0 0
0 0 0
0 0 0
0 0 0
0 0 0
62 49 0
0 0 0
0 0 0
37 19 0
68 97 0
0 0 0
0 0 0
71 30 0
0 0 0
0 0 0
0 0 0
0 0 0
0 0 0
69 96 0
0 0 0
0 0 0
0 0 0
26 76 0
27 21 0
0 0 0
0 0 0
0 0 0
0 0 0
0 0 0
0 0 0
0 0 0
0 0 0
0 0 0
0 0 0
36 18 0
0 0 0
0 0 0
0 0 0
25 64 0
9 54 0
0 0 0
0 0 0
0 0 0
55 72 0
63 30 0
0 0 0
0 0 0
0 0 0
0 0 0
0 0 0
0 0 0
0 0 0
0 0 0
0 0 0
0 0 0
0 0 0
0 0 0
0 0 0
0 0 0
4 18 0
0 0 0
0 0 0
0 0 0
31 97 0
46 30 0
0 0 0
0 0 0
0 0 0
0 0 0
0 0 0
58 70 0
0 0 0
0 0 0
0 0 0
0 0 0
0 0 0
0 0 0
0 0 0
0 0 0
0 0 0
0 0 0
0 0 0
14 32 0
0 0 0
0 0 0
0 0 0
0 0 0
0 0 0
0 0 0
0 0 0
25 15 0
0 0 0
32 11 0
0 0 0
45 98 0
0 0 0
55 8 0
0 0 0
0 0 0
25 23 0
0 0 0
0 0 0
0 0 0
5 57 0
0 0 0
0 0 0
0 0 0
0 0 0
0 0 0
5 68 0
25 69 0
0 0 0
0 0 0
27 34 0
0 0 0
0 0 0
0 0 0
8 73 0
0 0 0
0 0 0
0 0 0
0 0 0
0 0 0
0 0 0
0 0 0
0 0 0
0 0 0
0 0 0
0 0 0
0 0 0
0 0 0
11 54 0
0 0 0
0 0 0
55 56 0
18 91 0
0 0 0
0 0 0
0 0 0
0 0 0
0 0 0
37 25 0
0 0 0
0 0 0
0 0 0
0 0 0
0 0 0
0 0 0
0 0 0
0 0 0
0 0 0
6 31 0
20 75 0
65 24 0
0 0 0
0 0 0
0 0 0
0 0 0
0 0 0
39 36 0
34 74 0
21 11 0
0 0 0
0 0 0
0 0 0
0 0 0
34 36 0
0 0 0
0 0 0
0 0 0
0 0 0
61 91 0
0 0 0
0 0 0
0 0 0
0 0 0
38 57 0
16 1 0
4 64 0
0 0 0
0 0 0
0 0 0
0 0 0
37 50 0
0 0 0
0 0 0
0 0 0
6 13 0
0 0 0
0 0 0
0 0 0
44 49 0
0 0 0
0 0 0
0 0 0
0 0 0
0 0 0
0 0 0
43 10 0
0 0 0
13 59 0
0 0 0
0 0 0
0 0 0
0 0 0
0 0 0
0 0 0
0 0 0
0 0 0
0 0 0
0 0 0
0 0 0
0 0 0
0 0 0
0 0 0
0 0 0
0 0 0
0 0 0
0 0 0
64 55 0
0 0 0
0 0 0
10 57 0
0 0 0
62 20 0
12 60 0
49 54 0
0 0 0
44 37 0
0 0 0
0 0 0
0 0 0
0 0 0
0 0 0
0 0 0
0 0 0
0 0 0
0 0 0
59 32 0
0 0 0
0 0 0
0 0 0
0 0 0
0 0 0
0 0 0
0 0 0
0 0 0
0 0 0
0 0 0
0 0 0
0 0 0
0 0 0
52 95 0
0 0 0
10 51 0
0 0 0
47 58 0
0 0 0
0 0 0
0 0 0
62 84 0
17 72 0
0 0 0
46 41 0
19 8 0
0 0 0
0 0 0
53 90 0
0 0 0
19 58 0
0 0 0
0 0 0
0 0 0
53 66 0
65 54 0
0 0 0
0 0 0
0 0 0
0 0 0
0 0 0
0 0 0
0 0 0
0 0 0
0 0 0
0 0 0
0 0 0
0 0 0
0 0 0
0 0 0
54 38 0
0 0 0
0 0 0
27 43 0
0 0 0
0 0 0
0 0 0
47 48 0
17 90 0
54 63 0
0 0 0
46 62 0
66 32 0
0 0 0
46 47 0
0 0 0
17 74 0
0 0 0
0 0 0
10 55 0
0 0 0
0 0 0
0 0 0
0 0 0
23 62 0
70 97 0
0 0 0
0 0 0
0 0 0
0 0 0
35 67 0
0 0 0
0 0 0
0 0 0
0 0 0
72 2 0
0 0 0
0 0 0
0 0 0
1 84 0
0 0 0
0 0 0
4 86 0
0 0 0
24 63 0
0 0 0
0 0 0
0 0 0
37 64 0
0 0 0
0 0 0
0 0 0
64 53 0
16 91 0
0 0 0
14 3 0
0 0 0
0 0 0
0 0 0
0 0 0
0 0 0
0 0 0
0 0 0
19 24 0
0 0 0
0 0 0
69 42 0
0 0 0
47 33 0
0 0 0
0 0 0
0 0 0
12 72 0
0 0 0
0 0 0
0 0 0
0 0 0
0 0 0
0 0 0
0 0 0
61 98 0
62 34 0
0 0 0
0 0 0
0 0 0
0 0 0
0 0 0
0 0 0
0 0 0
0 0 0
53 94 0
0 0 0
43 50 0
0 0 0
0 0 0
0 0 0
0 0 0
0 0 0
0 0 0
0 0 0
0 0 0
0 0 0
0 0 0
0 0 0
0 0 0
0 0 0
0 0 0
0 0 0
47 9 0
0 0 0
56 35 0
0 0 0
42 72 0
26 35 0
0 0 0
0 0 0
0 0 0
58 49 0
0 0 0
0 0 0
53 18 0
0 0 0
0 0 0
0 0 0
0 0 0
45 87 0
0 0 0
41 33 0
0 0 0
0 0 0
0 0 0
0 0 0
0 0 0
0 0 0
0 0 0
0 0 0
0 0 0
0 0 0
0 0 0
10 10 0
0 0 0
0 0 0
0 0 0
0 0 0
0 0 0
0 0 0
52 80 0
1 68 0
71 44 0
0 0 0
5 30 0
0 0 0
37 11 0
0 0 0
0 0 0
21 58 0
0 0 0
0 0 0
0 0 0
0 0 0
0 0 0
0 0 0
0 0 0
42 83 0
0 0 0
40 49 0
0 0 0
58 51 0
0 0 0
0 0 0
72 4 0
72 99 0
34 68 0
0 0 0
0 0 0
0 0 0
19 74 0
56 64 0
47 93 0
0 0 0
0 0 0
0 0 0
0 0 0
0 0 0
0 0 0
0 0 0
31 88 0
0 0 0
0 0 0
0 0 0
0 0 0
0 0 0
0 0 0
0 0 0
0 0 0
0 0 0
0 0 0
0 0 0
0 0 0
0 0 0
0 0 0
0 0 0
0 0 0
39 27 0
0 0 0
2 13 0
53 20 0
0 0 0
0 0 0
0 0 0
26 90 0
0 0 0
60 97 0
0 0 0
0 0 0
0 0 0
0 0 0
0 0 0
0 0 0
5 36 0
0 0 0
0 0 0
0 0 0
0 0 0
0 0 0
58 33 0
0 0 0
0 0 0
0 0 0
8 62 0
0 0 0
0 0 0
0 0 0
24 65 0
0 0 0
0 0 0
0 0 0
0 0 0
0 0 0
0 0 0
0 0 0
0 0 0
0 0 0
39 50 0
0 0 0
0 0 0
4 24 0
0 0 0
0 0 0
0 0 0
15 79 0
46 64 0
0 0 0
0 0 0
71 51 0
0 0 0
0 0 0
0 0 0
0 0 0
0 0 0
0 0 0
47 97 0
0 0 0
0 0 0
0 0 0
0 0 0
0 0 0
0 0 0
0 0 0
0 0 0
10 70 0
0 0 0
0 0 0
0 0 0
48 18 0
0 0 0
0 0 0
0 0 0
0 0 0
50 49 0
63 87 0
42 51 0
0 0 0
0 0 0
5 87 0
12 100 0
0 0 0
0 0 0
0 0 0
50 30 0
0 0 0
0 0 0
0 0 0
0 0 0
0 0 0
50 60 0
0 0 0
60 59 0
0 0 0
37 73 0
0 0 0
0 0 0
0 0 0
0 0 0
45 94 0
0 0 0
57 45 0
10 49 0
0 0 0
62 60 0
0 0 0
0 0 0
14 53 0
58 68 0
0 0 0
0 0 0
58 74 0
0 0 0
0 0 0
0 0 0
0 0 0
0 0 0
0 0 0
0 0 0
0 0 0
0 0 0
0 0 0
0 0 0
0 0 0
0 0 0
73 46 0
0 0 0
0 0 0
43 26 0
0 0 0
0 0 0
0 0 0
56 24 0
45 29 0
0 0 0
39 15 0
0 0 0
0 0 0
28 96 0
0 0 0
0 0 0
0 0 0
60 79 0
65 96 0
0 0 0
0 0 0
22 10 0
0 0 0
0 0 0
12 24 0
22 28 0
0 0 0
32 50 0
0 0 0
0 0 0
41 52 0
12 97 0
0 0 0
0 0 0
0 0 0
45 68 0
0 0 0
0 0 0
0 0 0
0 0 0
52 23 0
0 0 0
0 0 0
0 0 0
0 0 0
0 0 0
14 78 0
0 0 0
61 77 0
0 0 0
0 0 0
0 0 0
71 15 0
0 0 0
17 24 0
0 0 0
0 0 0
0 0 0
0 0 0
4 62 0
45 40 0
0 0 0
66 87 0
0 0 0
0 0 0
0 0 0
11 31 0
0 0 0
0 0 0
0 0 0
0 0 0
0 0 0
0 0 0
49 89 0
0 0 0
0 0 0
0 0 0
0 0 0
0 0 0
0 0 0
0 0 0
0 0 0
0 0 0
0 0 0
0 0 0
40 86 0
0 0 0
0 0 0
0 0 0
0 0 0
0 0 0
0 0 0
0 0 0
0 0 0
17 2 0
0 0 0
0 0 0
0 0 0
0 0 0
0 0 0
0 0 0
0 0 0
0 0 0
0 0 0
0 0 0
0 0 0
0 0 0
0 0 0
0 0 0
0 0 0
34 94 0
21 7 0
0 0 0
14 90 0
0 0 0
0 0 0
0 0 0
0 0 0
13 74 0
0 0 0
0 0 0
0 0 0
0 0 0
0 0 0
41 43 0
0 0 0
0 0 0
0 0 0
0 0 0
0 0 0
0 0 0
0 0 0
0 0 0
0 0 0
1 32 0
0 0 0
55 68 0
72 82 0
0 0 0
0 0 0
49 19 0
70 16 0
0 0 0
0 0 0
0 0 0
0 0 0
19 54 0
0 0 0
0 0 0
6 60 0
0 0 0
11 67 0
0 0 0
0 0 0
0 0 0
0 0 0
63 80 0
0 0 0
0 0 0
0 0 0
10 13 0
60 75 0
0 0 0
0 0 0
0 0 0
0 0 0
0 0 0
0 0 0
0 0 0
65 88 0
0 0 0
26 86 0
29 77 0
0 0 0
0 0 0
0 0 0
0 0 0
0 0 0
0 0 0
0 0 0
0 0 0
44 34 0
0 0 0
5 61 0
0 0 0
0 0 0
0 0 0
0 0 0
0 0 0
0 0 0
0 0 0
0 0 0
0 0 0
0 0 0
0 0 0
0 0 0
0 0 0
0 0 0
0 0 0
0 0 0
0 0 0
56 73 0
0 0 0
0 0 0
0 0 0
25 41 0
0 0 0
0 0 0
0 0 0
0 0 0
0 0 0
36 68 0
0 0 0
47 39 0
0 0 0
49 95 0
0 0 0
0 0 0
0 0 0
0 0 0
0 0 0
41 84 0
0 0 0
0 0 0
14 76 0
0 0 0
0 0 0
0 0 0
0 0 0
0 0 0
0 0 0
0 0 0
0 0 0
48 56 0
0 0 0
0 0 0
0 0 0
0 0 0
0 0 0
5 73 0
0 0 0
0 0 0
0 0 0
0 0 0
0 0 0
73 55 0
0 0 0
18 7 0
0 0 0
0 0 0
0 0 0
36 31 0
0 0 0
0 0 0
0 0 0
0 0 0
12 70 0
0 0 0
63 85 0
0 0 0
0 0 0
0 0 0
0 0 0
0 0 0
0 0 0
0 0 0
59 45 0
0 0 0
0 0 0
0 0 0
11 61 0
0 0 0
0 0 0
0 0 0
0 0 0
0 0 0
44 65 0
0 0 0
10 84 0
0 0 0
0 0 0
0 0 0
0 0 0
0 0 0
0 0 0
0 0 0
0 0 0
0 0 0
0 0 0
0 0 0
37 53 0
26 56 0
0 0 0
0 0 0
0 0 0
40 76 0
0 0 0
0 0 0
0 0 0
0 0 0
0 0 0
0 0 0
0 0 0
0 0 0
0 0 0
0 0 0
0 0 0
0 0 0
0 0 0
0 0 0
0 0 0
0 0 0
0 0 0
27 25 0
0 0 0
0 0 0
22 79 0
0 0 0
31 25 0
73 10 0
68 84 0
0 0 0
0 0 0
0 0 0
0 0 0
42 63 0
0 0 0
9 85 0
0 0 0
4 29 0
0 0 0
0 0 0
0 0 0
31 62 0
0 0 0
32 36 0
0 0 0
65 83 0
0 0 0
0 0 0
6 27 0
67 2 0
0 0 0
0 0 0
0 0 0
29 39 0
0 0 0
0 0 0
0 0 0
0 0 0
0 0 0
0 0 0
11 12 0
0 0 0
31 16 0
0 0 0
0 0 0
0 0 0
0 0 0
0 0 0
0 0 0
0 0 0
43 69 0
0 0 0
0 0 0
0 0 0
0 0 0
0 0 0
0 0 0
1 70 0
0 0 0
0 0 0
0 0 0
0 0 0
0 0 0
0 0 0
0 0 0
0 0 0
66 25 0
0 0 0
0 0 0
0 0 0
0 0 0
0 0 0
38 42 0
6 69 0
0 0 0
64 73 0
0 0 0
0 0 0
0 0 0
21 22 0
0 0 0
11 75 0
0 0 0
0 0 0
0 0 0
0 0 0
0 0 0
0 0 0
0 0 0
0 0 0
0 0 0
0 0 0
0 0 0
65 33 0
0 0 0
0 0 0
0 0 0
0 0 0
0 0 0
0 0 0
0 0 0
0 0 0
3 14 0
0 0 0
0 0 0
39 10 0
0 0 0
0 0 0
0 0 0
72 40 0
0 0 0
30 72 0
0 0 0
0 0 0
0 0 0
0 0 0
0 0 0
0 0 0
0 0 0
0 0 0
0 0 0
0 0 0
40 63 0
15 35 0
67 100 0
0 0 0
23 26 0
0 0 0
0 0 0
31 69 0
0 0 0
29 63 0
0 0 0
0 0 0
60 95 0
0 0 0
0 0 0
15 6 0
0 0 0
0 0 0
0 0 0
0 0 0
60 70 0
0 0 0
70 75 0
40 28 0
0 0 0
0 0 0
0 0 0
0 0 0
0 0 0
0 0 0
20 39 0
0 0 0
0 0 0
0 0 0
40 46 0
0 0 0
16 97 0
0 0 0
46 89 0
15 72 0
0 0 0
0 0 0
70 27 0
0 0 0
25 99 0
0 0 0
0 0 0
0 0 0
0 0 0
64 82 0
0 0 0
0 0 0
0 0 0
0 0 0
0 0 0
14 36 0
0 0 0
0 0 0
9 11 0
0 0 0
0 0 0
0 0 0
0 0 0
0 0 0
0 0 0
0 0 0
0 0 0
0 0 0
0 0 0
0 0 0
0 0 0
40 59 0
0 0 0
40 97 0
43 74 0
0 0 0
0 0 0
0 0 0
0 0 0
0 0 0
68 9 0
0 0 0
20 97 0
2 58 0
0 0 0
0 0 0
0 0 0
0 0 0
63 33 0
0 0 0
0 0 0
0 0 0
0 0 0
0 0 0
34 38 0
0 0 0
0 0 0
19 52 0
19 26 0
0 0 0
0 0 0
23 99 0
0 0 0
0 0 0
29 25 0
51 27 0
24 42 0
0 0 0
0 0 0
0 0 0
0 0 0
0 0 0
16 40 0
0 0 0
0 0 0
6 52 0
0 0 0
0 0 0
0 0 0
8 88 0
22 4 0
0 0 0
31 42 0
0 0 0
0 0 0
0 0 0
0 0 0
43 86 0
0 0 0
40 14 0
0 0 0
0 0 0
0 0 0
0 0 0
0 0 0
55 100 0
66 60 0
51 78 0
0 0 0
66 49 0
0 0 0
58 63 0
0 0 0
0 0 0
0 0 0
0 0 0
0 0 0
0 0 0
0 0 0
0 0 0
0 0 0
0 0 0
14 10 0
25 36 0
0 0 0
0 0 0
0 0 0
0 0 0
0 0 0
0 0 0
0 0 0
0 0 0
0 0 0
0 0 0
0 0 0
0 0 0
18 5 0
0 0 0
73 59 0
0 0 0
0 0 0
0 0 0
0 0 0
0 0 0
1 57 0
8 67 0
0 0 0
0 0 0
26 18 0
55 51 0
73 86 0
0 0 0
71 94 0
0 0 0
0 0 0
0 0 0
0 0 0
0 0 0
0 0 0
29 23 0
0 0 0
0 0 0
0 0 0
0 0 0
0 0 0
0 0 0
0 0 0
0 0 0
0 0 0
0 0 0
0 0 0
41 15 0
0 0 0
0 0 0
0 0 0
0 0 0
0 0 0
0 0 0
0 0 0
0 0 0
65 57 0
0 0 0
0 0 0
0 0 0
0 0 0
0 0 0
23 3 0
0 0 0
0 0 0
0 0 0
49 31 0
0 0 0
0 0 0
0 0 0
0 0 0
26 20 0
0 0 0
0 0 0
0 0 0
24 75 0
0 0 0
0 0 0
0 0 0
0 0 0
0 0 0
23 64 0
0 0 0
0 0 0
0 0 0
0 0 0
0 0 0
0 0 0
0 0 0
0 0 0
0 0 0
56 86 0
0 0 0
0 0 0
0 0 0
0 0 0
0 0 0
0 0 0
0 0 0
0 0 0
58 17 0
0 0 0
13 77 0
0 0 0
34 24 0
0 0 0
0 0 0
0 0 0
0 0 0
11 69 0
0 0 0
0 0 0
0 0 0
0 0 0
21 50 0
0 0 0
0 0 0
0 0 0
0 0 0
0 0 0
0 0 0
0 0 0
62 62 0
0 0 0
65 72 0
0 0 0
28 46 0
0 0 0
0 0 0
0 0 0
0 0 0
11 71 0
66 16 0
0 0 0
0 0 0
69 98 0
0 0 0
0 0 0
0 0 0
0 0 0
0 0 0
0 0 0
0 0 0
19 76 0
0 0 0
0 0 0
0 0 0
0 0 0
0 0 0
0 0 0
0 0 0
9 56 0
0 0 0
0 0 0
0 0 0
0 0 0
0 0 0
0 0 0
0 0 0
0 0 0
64 29 0
0 0 0
0 0 0
0 0 0
0 0 0
0 0 0
73 26 0
0 0 0
0 0 0
0 0 0
0 0 0
0 0 0
0 0 0
0 0 0
0 0 0
0 0 0
0 0 0
16 78 0
0 0 0
0 0 0
0 0 0
0 0 0
0 0 0
0 0 0
0 0 0
0 0 0
67 46 0
0 0 0
0 0 0
65 35 0
0 0 0
64 18 0
0 0 0
6 42 0
50 100 0
0 0 0
0 0 0
11 1 0
0 0 0
0 0 0
0 0 0
0 0 0
64 31 0
0 0 0
0 0 0
0 0 0
0 0 0
0 0 0
0 0 0
29 69 0
0 0 0
0 0 0
0 0 0
0 0 0
0 0 0
0 0 0
0 0 0
5 85 0
0 0 0
0 0 0
57 95 0
0 0 0
41 87 0
0 0 0
0 0 0
0 0 0
0 0 0
0 0 0
0 0 0
0 0 0
0 0 0
0 0 0
6 48 0
16 95 0
0 0 0
70 50 0
21 96 0
18 1 0
0 0 0
0 0 0
0 0 0
0 0 0
0 0 0
12 20 0
48 29 0
0 0 0
0 0 0
0 0 0
0 0 0
0 0 0
0 0 0
0 0 0
0 0 0
0 0 0
0 0 0
0 0 0
0 0 0
0 0 0
0 0 0
0 0 0
0 0 0
0 0 0
0 0 0
0 0 0
37 76 0
0 0 0
0 0 0
0 0 0
0 0 0
0 0 0
0 0 0
0 0 0
0 0 0
58 72 0
0 0 0
0 0 0
0 0 0
0 0 0
2 56 0
28 92 0
12 14 0
0 0 0
42 61 0
0 0 0
0 0 0
60 68 0
0 0 0
0 0 0
18 9 0
0 0 0
33 56 0
0 0 0
0 0 0
0 0 0
0 0 0
60 34 0
0 0 0
45 50 0
0 0 0
0 0 0
0 0 0
0 0 0
34 28 0
0 0 0
37 70 0
72 8 0
0 0 0
34 70 0
0 0 0
0 0 0
0 0 0
0 0 0
0 0 0
0 0 0
0 0 0
0 0 0
0 0 0
39 75 0
0 0 0
28 94 0
0 0 0
0 0 0
0 0 0
0 0 0
60 21 0
0 0 0
1 54 0
0 0 0
70 21 0
0 0 0
0 0 0
0 0 0
0 0 0
0 0 0
0 0 0
65 74 0
0 0 0
0 0 0
0 0 0
0 0 0
34 7 0
27 73 0
26 9 0
0 0 0
0 0 0
0 0 0
0 0 0
0 0 0
0 0 0
0 0 0
0 0 0
0 0 0
0 0 0
0 0 0
0 0 0
0 0 0
0 0 0
66 42 0
0 0 0
0 0 0
0 0 0
33 25 0
0 0 0
0 0 0
0 0 0
0 0 0
0 0 0
0 0 0
58 37 0
0 0 0
0 0 0
0 0 0
0 0 0
0 0 0
54 57 0
0 0 0
0 0 0
0 0 0
0 0 0
0 0 0
0 0 0
26 65 0
0 0 0
0 0 0
0 0 0
0 0 0
0 0 0
0 0 0
10 100 0
0 0 0
0 0 0
0 0 0
0 0 0
0 0 0
66 99 0
22 19 0
0 0 0
0 0 0
71 81 0
0 0 0
61 19 0
0 0 0
0 0 0
0 0 0
0 0 0
0 0 0
0 0 0
0 0 0
0 0 0
0 0 0
0 0 0
0 0 0
33 42 0
0 0 0
0 0 0
0 0 0
0 0 0
0 0 0
0 0 0
0 0 0
43 12 0
4 48 0
7 57 0
0 0 0
28 62 0
0 0 0
0 0 0
61 87 0
0 0 0
22 63 0
0 0 0
62 86 0
0 0 0
0 0 0
0 0 0
0 0 0
0 0 0
0 0 0
0 0 0
0 0 0
0 0 0
0 0 0
0 0 0
0 0 0
0 0 0
0 0 0
61 71 0
0 0 0
0 0 0
0 0 0
0 0 0
57 100 0
0 0 0
0 0 0
0 0 0
0 0 0
0 0 0
0 0 0
0 0 0
0 0 0
0 0 0
0 0 0
0 0 0
0 0 0
0 0 0
65 59 0
0 0 0
69 74 0
0 0 0
43 88 0
22 59 0
0 0 0
0 0 0
0 0 0
0 0 0
0 0 0
0 0 0
0 0 0
0 0 0
0 0 0
49 17 0
43 14 0
0 0 0
0 0 0
0 0 0
0 0 0
14 30 0
0 0 0
0 0 0
44 11 0
0 0 0
0 0 0
0 0 0
0 0 0
43 84 0
64 16 0
0 0 0
0 0 0
0 0 0
0 0 0
0 0 0
44 85 0
0 0 0
35 52 0
73 3 0
0 0 0
0 0 0
0 0 0
0 0 0
0 0 0
27 8 0
0 0 0
24 52 0
0 0 0
0 0 0
0 0 0
0 0 0
0 0 0
0 0 0
0 0 0
58 57 0
0 0 0
0 0 0
19 96 0
0 0 0
0 0 0
0 0 0
0 0 0
21 41 0
0 0 0
0 0 0
0 0 0
0 0 0
0 0 0
0 0 0
0 0 0
0 0 0
0 0 0
18 59 0
0 0 0
0 0 0
5 2 0
0 0 0
0 0 0
0 0 0
0 0 0
0 0 0
62 18 0
60 17 0
0 0 0
0 0 0
0 0 0
0 0 0
0 0 0
0 0 0
0 0 0
0 0 0
64 8 0
58 22 0
0 0 0
0 0 0
0 0 0
0 0 0
0 0 0
0 0 0
0 0 0
0 0 0
0 0 0
0 0 0
27 17 0
0 0 0
0 0 0
0 0 0
29 91 0
0 0 0
0 0 0
34 100 0
30 50 0
55 33 0
0 0 0
0 0 0
0 0 0
42 25 0
40 16 0
0 0 0
0 0 0
0 0 0
0 0 0
14 20 0
0 0 0
0 0 0
23 92 0
0 0 0
0 0 0
0 0 0
0 0 0
0 0 0
0 0 0
0 0 0
70 25 0
0 0 0
0 0 0
0 0 0
0 0 0
0 0 0
0 0 0
0 0 0
0 0 0
0 0 0
0 0 0
0 0 0
0 0 0
0 0 0
0 0 0
0 0 0
0 0 0
0 0 0
0 0 0
0 0 0
0 0 0
0 0 0
26 14 0
54 89 0
0 0 0
0 0 0
0 0 0
0 0 0
0 0 0
0 0 0
0 0 0
29 99 0
16 7 0
38 28 0
0 0 0
0 0 0
0 0 0
0 0 0
0 0 0
0 0 0
0 0 0
56 62 0
0 0 0
0 0 0
0 0 0
0 0 0
0 0 0
0 0 0
0 0 0
0 0 0
0 0 0
0 0 0
0 0 0
0 0 0
0 0 0
48 62 0
0 0 0
0 0 0
63 57 0
0 0 0
26 88 0
19 50 0
0 0 0
0 0 0
0 0 0
0 0 0
0 0 0
0 0 0
0 0 0
3 28 0
0 0 0
0 0 0
32 29 0
63 100 0
15 54 0
0 0 0
0 0 0
0 0 0
3 67 0
0 0 0
0 0 0
0 0 0
0 0 0
0 0 0
0 0 0
0 0 0
63 61 0
0 0 0
0 0 0
6 54 0
0 0 0
0 0 0
35 62 0
0 0 0
0 0 0
0 0 0
0 0 0
0 0 0
0 0 0
36 12 0
0 0 0
0 0 0
0 0 0
0 0 0
0 0 0
0 0 0
0 0 0
31 8 0
0 0 0
0 0 0
0 0 0
0 0 0
0 0 0
0 0 0
0 0 0
0 0 0
57 98 0
42 70 0
35 25 0
0 0 0
0 0 0
0 0 0
22 68 0
0 0 0
12 8 0
69 46 0
69 1 0
0 0 0
0 0 0
0 0 0
0 0 0
24 10 0
0 0 0
0 0 0
0 0 0
0 0 0
0 0 0
9 27 0
0 0 0
0 0 0
0 0 0
0 0 0
0 0 0
0 0 0
0 0 0
35 30 0
0 0 0
0 0 0
0 0 0
0 0 0
0 0 0
47 50 0
68 45 0
0 0 0
0 0 0
24 27 0
28 70 0
0 0 0
0 0 0
48 49 0
54 48 0
0 0 0
0 0 0
0 0 0
0 0 0
36 26 0
0 0 0
0 0 0
7 41 0
7 94 0
0 0 0
0 0 0
64 75 0
29 75 0
0 0 0
0 0 0
72 42 0
66 51 0
0 0 0
55 98 0
0 0 0
0 0 0
49 93 0
0 0 0
0 0 0
0 0 0
0 0 0
0 0 0
0 0 0
0 0 0
0 0 0
58 44 0
0 0 0
4 78 0
0 0 0
0 0 0
0 0 0
0 0 0
3 34 0
0 0 0
65 62 0
7 64 0
0 0 0
0 0 0
0 0 0
0 0 0
0 0 0
0 0 0
0 0 0
0 0 0
0 0 0
0 0 0
0 0 0
25 66 0
45 26 0
0 0 0
0 0 0
73 48 0
0 0 0
0 0 0
0 0 0
0 0 0
0 0 0
0 0 0
0 0 0
66 27 0
0 0 0
0 0 0
0 0 0
39 20 0
59 16 0
0 0 0
38 52 0
32 94 0
0 0 0
0 0 0
0 0 0
72 49 0
31 75 0
0 0 0
0 0 0
0 0 0
0 0 0
0 0 0
14 58 0
0 0 0
8 12 0
0 0 0
0 0 0
0 0 0
0 0 0
0 0 0
32 68 0
0 0 0
0 0 0
59 54 0
0 0 0
0 0 0
0 0 0
0 0 0
0 0 0
0 0 0
4 97 0
0 0 0
59 60 0
13 33 0
0 0 0
0 0 0
0 0 0
57 71 0
0 0 0
0 0 0
0 0 0
0 0 0
22 75 0
0 0 0
0 0 0
0 0 0
44 67 0
18 97 0
0 0 0
0 0 0
0 0 0
0 0 0
48 72 0
51 59 0
31 95 0
0 0 0
0 0 0
0 0 0
0 0 0
0 0 0
0 0 0
49 59 0
0 0 0
0 0 0
0 0 0
0 0 0
0 0 0
70 70 0
0 0 0
0 0 0
0 0 0
58 59 0
0 0 0
0 0 0
0 0 0
0 0 0
0 0 0
0 0 0
0 0 0
0 0 0
0 0 0
0 0 0
0 0 0
0 0 0
0 0 0
0 0 0
53 51 0
65 44 0
68 80 0
0 0 0
50 57 0
0 0 0
0 0 0
0 0 0
35 17 0
0 0 0
0 0 0
24 93 0
0 0 0
0 0 0
0 0 0
0 0 0
14 5 0
0 0 0
3 59 0
16 47 0
0 0 0
0 0 0
0 0 0
27 52 0
0 0 0
0 0 0
0 0 0
0 0 0
0 0 0
0 0 0
0 0 0
0 0 0
0 0 0
0 0 0
0 0 0
0 0 0
0 0 0
0 0 0
0 0 0
0 0 0
0 0 0
0 0 0
0 0 0
0 0 0
0 0 0
0 0 0
0 0 0
0 0 0
0 0 0
0 0 0
0 0 0
17 11 0
73 17 0
0 0 0
0 0 0
0 0 0
0 0 0
19 98 0
0 0 0
0 0 0
0 0 0
0 0 0
33 30 0
0 0 0
0 0 0
0 0 0
0 0 0
0 0 0
0 0 0
0 0 0
0 0 0
0 0 0
0 0 0
38 31 0
0 0 0
0 0 0
0 0 0
48 96 0
34 85 0
0 0 0
0 0 0
0 0 0
0 0 0
0 0 0
0 0 0
0 0 0
0 0 0
0 0 0
0 0 0
0 0 0
0 0 0
0 0 0
0 0 0
0 0 0
0 0 0
0 0 0
0 0 0
12 68 0
0 0 0
0 0 0
0 0 0
0 0 0
0 0 0
43 33 0
0 0 0
0 0 0
62 29 0
0 0 0
0 0 0
0 0 0
72 14 0
0 0 0
67 96 0
0 0 0
0 0 0
0 0 0
0 0 0
0 0 0
0 0 0
0 0 0
0 0 0
0 0 0
0 0 0
0 0 0
0 0 0
42 42 0
0 0 0
0 0 0
0 0 0
0 0 0
38 48 0
49 33 0
0 0 0
13 67 0
0 0 0
0 0 0
71 6 0
62 74 0
0 0 0
40 25 0
0 0 0
0 0 0
0 0 0
0 0 0
0 0 0
39 43 0
0 0 0
0 0 0
0 0 0
17 55 0
0 0 0
0 0 0
0 0 0
62 40 0
64 14 0
30 74 0
0 0 0
6 95 0
0 0 0
0 0 0
0 0 0
0 0 0
0 0 0
0 0 0
20 64 0
0 0 0
0 0 0
0 0 0
0 0 0
0 0 0
3 52 0
0 0 0
0 0 0
0 0 0
0 0 0
0 0 0
73 7 0
0 0 0
36 99 0
7 68 0
0 0 0
0 0 0
0 0 0
0 0 0
0 0 0
69 56 0
0 0 0
0 0 0
0 0 0
0 0 0
16 28 0
0 0 0
67 26 0
0 0 0
0 0 0
0 0 0
0 0 0
0 0 0
42 27 0
29 16 0
0 0 0
0 0 0
17 98 0
0 0 0
0 0 0
0 0 0
26 96 0
20 23 0
0 0 0
0 0 0
0 0 0
50 96 0
0 0 0
0 0 0
0 0 0
15 31 0
71 18 0
13 21 0
0 0 0
27 23 0
0 0 0
0 0 0
0 0 0
0 0 0
0 0 0
21 94 0
0 0 0
0 0 0
0 0 0
53 27 0
0 0 0
0 0 0
0 0 0
31 73 0
0 0 0
23 24 0
0 0 0
0 0 0
23 96 0
2 21 0
0 0 0
0 0 0
0 0 0
36 36 0
0 0 0
64 43 0
0 0 0
0 0 0
0 0 0
6 17 0
0 0 0
0 0 0
0 0 0
0 0 0
0 0 0
0 0 0
0 0 0
37 27 0
15 37 0
0 0 0
0 0 0
0 0 0
0 0 0
0 0 0
0 0 0
67 54 0
0 0 0
73 44 0
0 0 0
0 0 0
0 0 0
0 0 0
0 0 0
0 0 0
0 0 0
0 0 0
0 0 0
0 0 0
0 0 0
0 0 0
0 0 0
64 97 0
5 70 0
0 0 0
0 0 0
14 68 0
0 0 0
72 89 0
0 0 0
70 54 0
0 0 0
0 0 0
0 0 0
0 0 0
0 0 0
0 0 0
0 0 0
26 54 0
46 37 0
0 0 0
4 99 0
0 0 0
0 0 0
20 55 0
0 0 0
69 10 0
25 28 0
47 88 0
0 0 0
0 0 0
0 0 0
0 0 0
0 0 0
0 0 0
0 0 0
0 0 0
0 0 0
0 0 0
0 0 0
0 0 0
0 0 0
0 0 0
1 63 0
0 0 0
61 63 0
13 6 0
0 0 0
0 0 0
19 40 0
0 0 0
0 0 0
9 9 0
0 0 0
0 0 0
6 93 0
0 0 0
0 0 0
0 0 0
0 0 0
0 0 0
0 0 0
0 0 0
55 36 0
0 0 0
0 0 0
0 0 0
37 62 0
35 37 0
0 0 0
55 47 0
20 77 0
28 42 0
40 66 0
13 27 0
0 0 0
0 0 0
0 0 0
0 0 0
0 0 0
0 0 0
34 14 0
0 0 0
0 0 0
0 0 0
0 0 0
0 0 0
63 28 0
32 66 0
0 0 0
40 73 0
0 0 0
0 0 0
43 64 0
0 0 0
0 0 0
0 0 0
0 0 0
0 0 0
0 0 0
0 0 0
0 0 0
0 0 0
0 0 0
16 52 0
0 0 0
0 0 0
0 0 0
60 30 0
0 0 0
0 0 0
0 0 0
52 89 0
0 0 0
0 0 0
0 0 0
0 0 0
8 51 0
0 0 0
0 0 0
0 0 0
0 0 0
0 0 0
0 0 0
0 0 0
0 0 0
0 0 0
0 0 0
0 0 0
0 0 0
0 0 0
0 0 0
12 30 0
0 0 0
0 0 0
0 0 0
0 0 0
0 0 0
0 0 0
0 0 0
0 0 0
23 41 0
0 0 0
0 0 0
0 0 0
0 0 0
51 56 0
0 0 0
0 0 0
0 0 0
1 12 0
13 81 0
0 0 0
0 0 0
0 0 0
25 77 0
0 0 0
2 99 0
0 0 0
0 0 0
0 0 0
61 50 0
0 0 0
0 0 0
0 0 0
0 0 0
0 0 0
0 0 0
0 0 0
0 0 0
0 0 0
0 0 0
0 0 0
0 0 0
0 0 0
0 0 0
0 0 0
0 0 0
0 0 0
0 0 0
0 0 0
0 0 0
0 0 0
52 32 0
0 0 0
0 0 0
48 64 0
0 0 0
0 0 0
0 0 0
0 0 0
2 9 0
0 0 0
0 0 0
0 0 0
26 22 0
48 68 0
0 0 0
0 0 0
50 32 0
0 0 0
0 0 0
0 0 0
0 0 0
54 32 0
0 0 0
0 0 0
0 0 0
0 0 0
0 0 0
0 0 0
46 72 0
0 0 0
0 0 0
36 40 0
62 51 0
0 0 0
0 0 0
0 0 0
0 0 0
0 0 0
0 0 0
0 0 0
0 0 0
8 17 0
0 0 0
0 0 0
32 38 0
0 0 0
0 0 0
0 0 0
61 33 0
0 0 0
24 97 0
0 0 0
0 0 0
0 0 0
0 0 0
0 0 0
50 64 0
1 26 0
0 0 0
0 0 0
49 80 0
43 62 0
10 60 0
12 76 0
47 100 0
0 0 0
14 73 0
0 0 0
0 0 0
0 0 0
0 0 0
0 0 0
0 0 0
47 90 0
0 0 0
63 17 0
53 45 0
7 16 0
0 0 0
42 36 0
0 0 0
0 0 0
0 0 0
0 0 0
19 60 0
0 0 0
0 0 0
0 0 0
7 20 0
65 93 0
0 0 0
0 0 0
0 0 0
46 49 0
0 0 0
0 0 0
0 0 0
0 0 0
72 95 0
0 0 0
26 6 0
0 0 0
0 0 0
0 0 0
39 60 0
0 0 0
56 46 0
0 0 0
50 28 0
0 0 0
0 0 0
0 0 0
0 0 0
0 0 0
22 6 0
0 0 0
0 0 0
0 0 0
0 0 0
41 41 0
0 0 0
0 0 0
0 0 0
0 0 0
0 0 0
0 0 0
50 55 0
362194006
0 0 0
29 28 0
13 18 0
58 41 0
6 2 0
0 0 0
0 0 0
0 0 0
0 0 0
44 76 0
21 76 0
0 0 0
10 46 0
0 0 0
0 0 0
0 0 0
0 0 0
0 0 0
0 0 0
0 0 0
0 0 0
0 0 0
13 26 0
7 7 0
0 0 0
8 72 0
0 0 0
0 0 0
0 0 0
0 0 0
33 60 0
23 56 0
37 16 0
0 0 0
0 0 0
0 0 0
0 0 0
2 72 0
0 0 0
0 0 0
0 0 0
64 52 0
0 0 0
13 9 0
0 0 0
2 57 0
42 17 0
23 45 0
0 0 0
0 0 0
0 0 0
0 0 0
0 0 0
0 0 0
66 43 0
0 0 0
0 0 0
27 26 0
69 43 0
0 0 0
15 36 0
21 20 0
0 0 0
0 0 0
0 0 0
0 0 0
0 0 0
0 0 0
0 0 0
0 0 0
0 0 0
0 0 0
0 0 0
0 0 0
21 74 0
0 0 0
6 74 0
7 16 0
20 34 0
0 0 0
0 0 0
0 0 0
0 0 0
0 0 0
0 0 0
0 0 0
0 0 0
0 0 0
0 0 0
1 5 0
0 0 0
50 18 0
0 0 0
0 0 0
0 0 0
49 34 0
0 0 0
26 57 0
0 0 0
0 0 0
0 0 0
0 0 0
47 61 0
56 54 0
0 0 0
55 31 0
0 0 0
0 0 0
0 0 0
0 0 0
0 0 0
0 0 0
0 0 0
50 54 0
63 30 0
0 0 0
0 0 0
60 75 0
0 0 0
66 27 0
0 0 0
0 0 0
0 0 0
0 0 0
0 0 0
0 0 0
0 0 0
0 0 0
0 0 0
0 0 0
0 0 0
0 0 0
18 32 0
0 0 0
0 0 0
0 0 0
0 0 0
0 0 0
23 28 0
0 0 0
0 0 0
0 0 0
0 0 0
0 0 0
0 0 0
0 0 0
0 0 0
0 0 0
0 0 0
0 0 0
47 5 0
0 0 0
0 0 0
41 31 0
10 13 0
19 15 0
0 0 0
0 0 0
0 0 0
0 0 0
53 33 0
0 0 0
62 29 0
69 14 0
0 0 0
0 0 0
0 0 0
30 52 0
0 0 0
0 0 0
0 0 0
0 0 0
49 76 0
0 0 0
0 0 0
35 16 0
0 0 0
31 27 0
0 0 0
0 0 0
0 0 0
0 0 0
0 0 0
16 35 0
0 0 0
0 0 0
0 0 0
0 0 0
0 0 0
0 0 0
0 0 0
9 78 0
0 0 0
0 0 0
0 0 0
0 0 0
0 0 0
0 0 0
0 0 0
0 0 0
0 0 0
0 0 0
60 18 0
0 0 0
0 0 0
0 0 0
0 0 0
0 0 0
0 0 0
44 73 0
59 24 0
0 0 0
52 24 0
0 0 0
46 6 0
45 15 0
0 0 0
0 0 0
0 0 0
0 0 0
0 0 0
0 0 0
0 0 0
67 60 0
0 0 0
0 0 0
0 0 0
0 0 0
8 56 0
0 0 0
0 0 0
0 0 0
0 0 0
0 0 0
18 12 0
0 0 0
0 0 0
0 0 0
58 23 0
0 0 0
31 47 0
0 0 0
0 0 0
0 0 0
0 0 0
0 0 0
4 70 0
0 0 0
63 27 0
0 0 0
0 0 0
0 0 0
64 19 0
0 0 0
44 31 0
7 23 0
69 26 0
0 0 0
0 0 0
32 64 0
66 72 0
0 0 0
0 0 0
0 0 0
0 0 0
0 0 0
0 0 0
0 0 0
61 78 0
0 0 0
0 0 0
0 0 0
0 0 0
27 37 0
0 0 0
0 0 0
0 0 0
0 0 0
51 38 0
62 15 0
63 25 0
0 0 0
0 0 0
0 0 0
0 0 0
15 38 0
66 10 0
40 71 0
28 43 0
0 0 0
0 0 0
38 35 0
0 0 0
0 0 0
0 0 0
0 0 0
0 0 0
0 0 0
0 0 0
0 0 0
6 33 0
0 0 0
36 2 0
20 13 0
53 3 0
0 0 0
0 0 0
5 7 0
0 0 0
0 0 0
39 29 0
0 0 0
0 0 0
0 0 0
0 0 0
0 0 0
0 0 0
68 58 0
0 0 0
0 0 0
0 0 0
0 0 0
0 0 0
0 0 0
50 43 0
0 0 0
0 0 0
0 0 0
46 31 0
0 0 0
0 0 0
0 0 0
0 0 0
0 0 0
0 0 0
63 18 0
0 0 0
36 71 0
21 58 0
24 72 0
0 0 0
0 0 0
0 0 0
0 0 0
0 0 0
0 0 0
16 9 0
0 0 0
22 75 0
0 0 0
0 0 0
29 58 0
0 0 0
0 0 0
0 0 0
0 0 0
18 66 0
43 34 0
0 0 0
0 0 0
0 0 0
29 36 0
0 0 0
0 0 0
61 8 0
0 0 0
0 0 0
0 0 0
0 0 0
26 21 0
8 51 0
0 0 0
0 0 0
14 65 0
0 0 0
0 0 0
0 0 0
0 0 0
0 0 0
0 0 0
53 7 0
0 0 0
0 0 0
0 0 0
0 0 0
0 0 0
36 46 0
0 0 0
18 51 0
0 0 0
0 0 0
17 52 0
0 0 0
0 0 0
0 0 0
0 0 0
58 52 0
0 0 0
0 0 0
0 0 0
41 53 0
0 0 0
10 59 0
39 2 0
0 0 0
0 0 0
0 0 0
0 0 0
0 0 0
0 0 0
0 0 0
0 0 0
34 44 0
50 57 0
0 0 0
1 69 0
0 0 0
10 36 0
0 0 0
0 0 0
0 0 0
29 6 0
0 0 0
0 0 0
0 0 0
0 0 0
0 0 0
0 0 0
0 0 0
0 0 0
0 0 0
0 0 0
0 0 0
66 19 0
44 57 0
0 0 0
0 0 0
0 0 0
48 72 0
0 0 0
0 0 0
0 0 0
36 55 0
20 40 0
0 0 0
0 0 0
0 0 0
0 0 0
0 0 0
30 33 0
1 18 0
56 78 0
0 0 0
44 14 0
70 11 0
18 78 0
0 0 0
0 0 0
23 31 0
0 0 0
0 0 0
29 79 0
0 0 0
0 0 0
0 0 0
0 0 0
0 0 0
14 19 0
23 78 0
45 13 0
52 17 0
38 52 0
0 0 0
0 0 0
0 0 0
0 0 0
0 0 0
0 0 0
9 16 0
0 0 0
0 0 0
0 0 0
0 0 0
36 37 0
65 28 0
0 0 0
31 17 0
0 0 0
51 71 0
0 0 0
0 0 0
0 0 0
0 0 0
44 52 0
0 0 0
0 0 0
6 43 0
23 37 0
0 0 0
0 0 0
0 0 0
0 0 0
0 0 0
0 0 0
0 0 0
0 0 0
0 0 0
0 0 0
0 0 0
39 4 0
69 19 0
4 59 0
0 0 0
0 0 0
66 54 0
44 6 0
0 0 0
0 0 0
0 0 0
0 0 0
0 0 0
0 0 0
0 0 0
0 0 0
0 0 0
58 54 0
47 77 0
52 4 0
0 0 0
0 0 0
0 0 0
51 58 0
0 0 0
0 0 0
52 26 0
0 0 0
0 0 0
0 0 0
22 77 0
0 0 0
0 0 0
0 0 0
17 54 0
0 0 0
0 0 0
0 0 0
0 0 0
0 0 0
34 3 0
0 0 0
0 0 0
0 0 0
46 44 0
0 0 0
0 0 0
40 30 0
0 0 0
33 39 0
70 18 0
0 0 0
0 0 0
44 64 0
0 0 0
0 0 0
55 53 0
0 0 0
39 60 0
2 77 0
44 24 0
0 0 0
0 0 0
0 0 0
0 0 0
0 0 0
0 0 0
26 70 0
0 0 0
0 0 0
0 0 0
0 0 0
0 0 0
0 0 0
0 0 0
0 0 0
0 0 0
50 68 0
0 0 0
0 0 0
0 0 0
0 0 0
0 0 0
27 73 0
0 0 0
0 0 0
41 70 0
62 57 0
0 0 0
0 0 0
0 0 0
44 69 0
32 26 0
0 0 0
0 0 0
37 14 0
0 0 0
54 34 0
50 77 0
8 42 0
2 11 0
32 31 0
0 0 0
0 0 0
0 0 0
0 0 0
0 0 0
0 0 0
0 0 0
0 0 0
0 0 0
0 0 0
0 0 0
0 0 0
44 20 0
65 34 0
0 0 0
0 0 0
0 0 0
0 0 0
0 0 0
0 0 0
68 79 0
0 0 0
0 0 0
0 0 0
0 0 0
0 0 0
0 0 0
0 0 0
0 0 0
0 0 0
40 37 0
44 60 0
26 38 0
0 0 0
0 0 0
0 0 0
0 0 0
46 41 0
0 0 0
0 0 0
0 0 0
0 0 0
13 30 0
0 0 0
0 0 0
41 44 0
0 0 0
0 0 0
65 22 0
0 0 0
0 0 0
0 0 0
64 42 0
0 0 0
0 0 0
63 7 0
54 52 0
0 0 0
39 58 0
0 0 0
0 0 0
0 0 0
0 0 0
0 0 0
30 78 0
33 50 0
0 0 0
0 0 0
59 31 0
9 20 0
0 0 0
0 0 0
0 0 0
34 24 0
0 0 0
0 0 0
0 0 0
0 0 0
0 0 0
0 0 0
0 0 0
0 0 0
0 0 0
0 0 0
0 0 0
0 0 0
0 0 0
0 0 0
38 27 0
0 0 0
25 39 0
0 0 0
0 0 0
0 0 0
0 0 0
0 0 0
0 0 0
0 0 0
0 0 0
40 19 0
0 0 0
24 40 0
0 0 0
0 0 0
53 22 0
0 0 0
18 8 0
0 0 0
0 0 0
1 78 0
5 9 0
0 0 0
69 4 0
0 0 0
16 32 0
0 0 0
0 0 0
0 0 0
0 0 0
47 40 0
0 0 0
0 0 0
0 0 0
0 0 0
35 10 0
0 0 0
0 0 0
2 66 0
0 0 0
0 0 0
42 9 0
0 0 0
0 0 0
0 0 0
0 0 0
44 8 0
0 0 0
31 59 0
0 0 0
0 0 0
0 0 0
0 0 0
0 0 0
61 54 0
0 0 0
37 67 0
0 0 0
45 66 0
0 0 0
0 0 0
43 49 0
0 0 0
50 75 0
0 0 0
0 0 0
0 0 0
0 0 0
0 0 0
8 24 0
0 0 0
0 0 0
0 0 0
0 0 0
13 48 0
0 0 0
0 0 0
0 0 0
0 0 0
70 40 0
4 33 0
27 69 0
0 0 0
1 21 0
0 0 0
9 29 0
69 52 0
47 19 0
0 0 0
0 0 0
0 0 0
0 0 0
0 0 0
0 0 0
0 0 0
0 0 0
13 44 0
62 9 0
0 0 0
0 0 0
0 0 0
70 6 0
0 0 0
0 0 0
0 0 0
0 0 0
0 0 0
0 0 0
0 0 0
0 0 0
0 0 0
19 52 0
0 0 0
0 0 0
0 0 0
10 10 0
0 0 0
0 0 0
0 0 0
0 0 0
64 15 0
0 0 0
61 22 0
0 0 0
0 0 0
0 0 0
0 0 0
0 0 0
0 0 0
0 0 0
0 0 0
56 13 0
0 0 0
0 0 0
0 0 0
0 0 0
0 0 0
0 0 0
42 66 0
0 0 0
0 0 0
0 0 0
0 0 0
0 0 0
10 42 0
0 0 0
0 0 0
21 3 0
0 0 0
0 0 0
3 7 0
0 0 0
0 0 0
36 76 0
0 0 0
0 0 0
0 0 0
0 0 0
0 0 0
0 0 0
0 0 0
0 0 0
66 79 0
11 53 0
0 0 0
0 0 0
70 48 0
0 0 0
30 45 0
0 0 0
0 0 0
0 0 0
0 0 0
0 0 0
0 0 0
0 0 0
13 67 0
19 21 0
0 0 0
0 0 0
0 0 0
37 74 0
0 0 0
0 0 0
0 0 0
0 0 0
6 17 0
50 59 0
32 46 0
0 0 0
0 0 0
0 0 0
37 69 0
15 74 0
59 78 0
0 0 0
27 42 0
0 0 0
14 43 0
0 0 0
0 0 0
0 0 0
0 0 0
0 0 0
0 0 0
19 65 0
0 0 0
0 0 0
0 0 0
0 0 0
69 49 0
39 12 0
0 0 0
0 0 0
8 58 0
0 0 0
0 0 0
0 0 0
0 0 0
0 0 0
0 0 0
65 46 0
0 0 0
0 0 0
0 0 0
0 0 0
0 0 0
41 56 0
0 0 0
0 0 0
0 0 0
0 0 0
57 77 0
19 75 0
0 0 0
0 0 0
0 0 0
0 0 0
0 0 0
0 0 0
0 0 0
0 0 0
16 51 0
0 0 0
0 0 0
47 75 0
0 0 0
0 0 0
0 0 0
0 0 0
0 0 0
0 0 0
62 24 0
0 0 0
0 0 0
0 0 0
0 0 0
0 0 0
0 0 0
0 0 0
0 0 0
0 0 0
0 0 0
0 0 0
60 77 0
0 0 0
0 0 0
66 52 0
30 3 0
55 5 0
0 0 0
9 38 0
0 0 0
0 0 0
44 54 0
0 0 0
0 0 0
0 0 0
0 0 0
0 0 0
34 76 0
0 0 0
0 0 0
0 0 0
0 0 0
25 55 0
0 0 0
0 0 0
0 0 0
56 25 0
0 0 0
0 0 0
0 0 0
0 0 0
0 0 0
62 45 0
14 51 0
19 29 0
0 0 0
0 0 0
19 79 0
0 0 0
0 0 0
40 75 0
0 0 0
34 12 0
0 0 0
0 0 0
0 0 0
0 0 0
0 0 0
0 0 0
0 0 0
0 0 0
0 0 0
0 0 0
0 0 0
0 0 0
9 52 0
55 51 0
0 0 0
0 0 0
0 0 0
43 53 0
65 53 0
0 0 0
0 0 0
27 58 0
17 22 0
10 44 0
0 0 0
26 68 0
0 0 0
0 0 0
17 76 0
0 0 0
49 3 0
15 10 0
0 0 0
0 0 0
0 0 0
7 55 0
3 18 0
0 0 0
58 25 0
5 21 0
5 51 0
0 0 0
0 0 0
56 68 0
0 0 0
0 0 0
0 0 0
5 19 0
0 0 0
59 29 0
0 0 0
0 0 0
0 0 0
0 0 0
27 44 0
0 0 0
64 48 0
0 0 0
0 0 0
0 0 0
62 69 0
0 0 0
0 0 0
0 0 0
38 17 0
0 0 0
0 0 0
54 18 0
0 0 0
0 0 0
55 15 0
3 10 0
0 0 0
46 76 0
0 0 0
19 72 0
47 42 0
0 0 0
32 66 0
0 0 0
0 0 0
0 0 0
0 0 0
40 28 0
0 0 0
39 48 0
0 0 0
0 0 0
0 0 0
0 0 0
0 0 0
0 0 0
0 0 0
0 0 0
60 62 0
0 0 0
0 0 0
0 0 0
0 0 0
36 33 0
0 0 0
0 0 0
0 0 0
0 0 0
0 0 0
0 0 0
0 0 0
0 0 0
0 0 0
0 0 0
0 0 0
0 0 0
40 9 0
0 0 0
0 0 0
59 76 0
26 66 0
0 0 0
16 19 0
0 0 0
0 0 0
0 0 0
0 0 0
65 13 0
0 0 0
0 0 0
0 0 0
0 0 0
0 0 0
0 0 0
0 0 0
24 38 0
2 42 0
0 0 0
0 0 0
0 0 0
0 0 0
0 0 0
0 0 0
0 0 0
0 0 0
0 0 0
0 0 0
0 0 0
33 72 0
0 0 0
0 0 0
68 53 0
0 0 0
0 0 0
0 0 0
0 0 0
0 0 0
29 44 0
0 0 0
5 67 0
0 0 0
0 0 0
35 77 0
0 0 0
0 0 0
0 0 0
0 0 0
54 37 0
0 0 0
0 0 0
61 63 0
0 0 0
0 0 0
0 0 0
0 0 0
0 0 0
0 0 0
32 57 0
0 0 0
4 1 0
0 0 0
0 0 0
0 0 0
0 0 0
2 6 0
0 0 0
0 0 0
33 15 0
0 0 0
56 43 0
42 75 0
8 9 0
48 4 0
62 60 0
0 0 0
0 0 0
21 49 0
0 0 0
0 0 0
0 0 0
0 0 0
68 23 0
60 53 0
0 0 0
0 0 0
0 0 0
70 35 0
0 0 0
0 0 0
0 0 0
0 0 0
0 0 0
0 0 0
42 63 0
0 0 0
0 0 0
0 0 0
0 0 0
0 0 0
0 0 0
0 0 0
0 0 0
0 0 0
0 0 0
0 0 0
0 0 0
0 0 0
0 0 0
68 3 0
10 55 0
0 0 0
0 0 0
0 0 0
40 11 0
0 0 0
42 15 0
0 0 0
64 44 0
69 54 0
36 62 0
6 22 0
0 0 0
49 73 0
0 0 0
0 0 0
0 0 0
0 0 0
0 0 0
0 0 0
0 0 0
55 22 0
0 0 0
0 0 0
45 37 0
63 78 0
24 7 0
12 29 0
0 0 0
0 0 0
28 60 0
3 50 0
0 0 0
0 0 0
0 0 0
0 0 0
51 56 0
0 0 0
0 0 0
49 19 0
17 36 0
0 0 0
0 0 0
0 0 0
0 0 0
0 0 0
12 27 0
64 1 0
0 0 0
0 0 0
0 0 0
56 32 0
0 0 0
0 0 0
0 0 0
0 0 0
68 18 0
0 0 0
65 71 0
0 0 0
15 5 0
0 0 0
0 0 0
0 0 0
55 17 0
0 0 0
0 0 0
29 10 0
0 0 0
0 0 0
7 69 0
38 66 0
0 0 0
0 0 0
28 5 0
0 0 0
0 0 0
0 0 0
0 0 0
0 0 0
23 71 0
36 58 0
0 0 0
0 0 0
28 21 0
62 79 0
0 0 0
0 0 0
0 0 0
0 0 0
0 0 0
0 0 0
62 71 0
25 35 0
0 0 0
0 0 0
4 49 0
25 77 0
64 74 0
24 68 0
38 59 0
13 55 0
0 0 0
0 0 0
0 0 0
0 0 0
0 0 0
0 0 0
0 0 0
0 0 0
0 0 0
0 0 0
67 28 0
0 0 0
0 0 0
0 0 0
0 0 0
49 17 0
0 0 0
58 6 0
0 0 0
50 4 0
0 0 0
36 68 0
0 0 0
0 0 0
0 0 0
20 4 0
38 30 0
0 0 0
0 0 0
0 0 0
0 0 0
36 40 0
0 0 0
0 0 0
0 0 0
0 0 0
0 0 0
0 0 0
0 0 0
0 0 0
0 0 0
0 0 0
13 15 0
0 0 0
0 0 0
0 0 0
0 0 0
0 0 0
41 76 0
26 36 0
38 42 0
0 0 0
2 9 0
0 0 0
0 0 0
0 0 0
0 0 0
0 0 0
24 74 0
0 0 0
26 78 0
0 0 0
0 0 0
0 0 0
21 12 0
0 0 0
52 10 0
0 0 0
0 0 0
0 0 0
0 0 0
0 0 0
0 0 0
57 31 0
0 0 0
3 40 0
58 68 0
58 72 0
0 0 0
67 31 0
10 57 0
0 0 0
58 50 0
66 29 0
0 0 0
65 30 0
25 27 0
20 37 0
60 1 0
0 0 0
0 0 0
0 0 0
0 0 0
0 0 0
0 0 0
0 0 0
0 0 0
56 50 0
60 72 0
0 0 0
64 37 0
34 53 0
43 29 0
0 0 0
0 0 0
0 0 0
0 0 0
0 0 0
34 78 0
0 0 0
30 73 0
0 0 0
0 0 0
0 0 0
0 0 0
9 18 0
0 0 0
16 6 0
48 31 0
0 0 0
0 0 0
34 49 0
0 0 0
7 14 0
0 0 0
0 0 0
0 0 0
0 0 0
0 0 0
38 40 0
0 0 0
0 0 0
0 0 0
0 0 0
0 0 0
0 0 0
0 0 0
0 0 0
30 37 0
0 0 0
0 0 0
0 0 0
0 0 0
0 0 0
0 0 0
0 0 0
21 41 0
14 6 0
0 0 0
12 54 0
0 0 0
0 0 0
35 57 0
0 0 0
0 0 0
0 0 0
0 0 0
0 0 0
23 23 0
0 0 0
0 0 0
34 28 0
10 70 0
0 0 0
0 0 0
0 0 0
0 0 0
0 0 0
0 0 0
0 0 0
0 0 0
69 24 0
65 59 0
65 49 0
52 6 0
70 23 0
0 0 0
0 0 0
0 0 0
0 0 0
0 0 0
0 0 0
70 13 0
0 0 0
0 0 0
9 71 0
42 45 0
0 0 0
0 0 0
0 0 0
59 26 0
19 67 0
0 0 0
0 0 0
0 0 0
0 0 0
0 0 0
0 0 0
0 0 0
0 0 0
0 0 0
0 0 0
0 0 0
0 0 0
0 0 0
0 0 0
0 0 0
0 0 0
0 0 0
0 0 0
0 0 0
47 1 0
0 0 0
50 28 0
0 0 0
28 13 0
0 0 0
0 0 0
0 0 0
56 7 0
66 23 0
0 0 0
0 0 0
0 0 0
0 0 0
0 0 0
26 74 0
0 0 0
0 0 0
50 15 0
40 59 0
0 0 0
61 12 0
0 0 0
0 0 0
0 0 0
0 0 0
4 26 0
0 0 0
41 68 0
0 0 0
43 42 0
66 14 0
0 0 0
66 50 0
0 0 0
0 0 0
0 0 0
21 10 0
0 0 0
0 0 0
56 71 0
56 58 0
0 0 0
0 0 0
65 73 0
48 39 0
0 0 0
0 0 0
0 0 0
70 53 0
0 0 0
0 0 0
0 0 0
1 10 0
0 0 0
8 48 0
5 46 0
15 44 0
0 0 0
50 24 0
0 0 0
61 14 0
19 77 0
62 26 0
43 65 0
0 0 0
50 35 0
0 0 0
0 0 0
67 56 0
35 48 0
0 0 0
12 61 0
57 53 0
0 0 0
29 34 0
0 0 0
43 10 0
0 0 0
0 0 0
0 0 0
0 0 0
36 25 0
58 56 0
0 0 0
53 58 0
0 0 0
0 0 0
0 0 0
0 0 0
0 0 0
0 0 0
53 61 0
0 0 0
0 0 0
0 0 0
0 0 0
0 0 0
0 0 0
0 0 0
17 69 0
0 0 0
40 73 0
57 66 0
0 0 0
0 0 0
0 0 0
0 0 0
0 0 0
0 0 0
0 0 0
0 0 0
0 0 0
0 0 0
0 0 0
0 0 0
51 69 0
0 0 0
43 74 0
0 0 0
0 0 0
0 0 0
3 48 0
7 52 0
32 21 0
48 47 0
52 52 0
22 6 0
0 0 0
0 0 0
0 0 0
0 0 0
14 68 0
12 38 0
0 0 0
0 0 0
0 0 0
0 0 0
0 0 0
0 0 0
0 0 0
37 34 0
0 0 0
0 0 0
0 0 0
0 0 0
0 0 0
0 0 0
0 0 0
22 9 0
0 0 0
64 24 0
0 0 0
0 0 0
0 0 0
0 0 0
49 67 0
0 0 0
34 38 0
0 0 0
0 0 0
0 0 0
0 0 0
0 0 0
0 0 0
12 75 0
42 7 0
29 65 0
39 33 0
0 0 0
0 0 0
13 28 0
0 0 0
0 0 0
0 0 0
0 0 0
0 0 0
0 0 0
0 0 0
0 0 0
0 0 0
60 25 0
0 0 0
0 0 0
0 0 0
23 65 0
38 55 0
0 0 0
0 0 0
37 18 0
0 0 0
0 0 0
0 0 0
0 0 0
34 71 0
13 42 0
0 0 0
0 0 0
0 0 0
19 9 0
0 0 0
0 0 0
0 0 0
0 0 0
0 0 0
0 0 0
0 0 0
70 20 0
0 0 0
0 0 0
51 33 0
0 0 0
0 0 0
0 0 0
0 0 0
6 40 0
0 0 0
20 56 0
0 0 0
0 0 0
0 0 0
0 0 0
37 41 0
0 0 0
0 0 0
64 40 0
0 0 0
0 0 0
0 0 0
0 0 0
42 43 0
0 0 0
0 0 0
0 0 0
0 0 0
0 0 0
14 71 0
0 0 0
0 0 0
35 59 0
0 0 0
0 0 0
0 0 0
0 0 0
47 13 0
0 0 0
59 8 0
0 0 0
0 0 0
56 63 0
0 0 0
0 0 0
0 0 0
39 31 0
61 42 0
0 0 0
0 0 0
0 0 0
3 12 0
0 0 0
0 0 0
43 61 0
0 0 0
0 0 0
9 63 0
0 0 0
27 51 0
5 57 0
0 0 0
0 0 0
0 0 0
0 0 0
40 24 0
28 45 0
0 0 0
0 0 0
0 0 0
0 0 0
0 0 0
0 0 0
57 60 0
24 46 0
0 0 0
0 0 0
0 0 0
59 5 0
0 0 0
0 0 0
0 0 0
0 0 0
0 0 0
26 54 0
51 9 0
0 0 0
0 0 0
0 0 0
26 43 0
0 0 0
49 7 0
0 0 0
0 0 0
0 0 0
0 0 0
63 55 0
25 15 0
0 0 0
0 0 0
0 0 0
0 0 0
0 0 0
0 0 0
0 0 0
0 0 0
0 0 0
0 0 0
66 57 0
0 0 0
0 0 0
12 8 0
0 0 0
0 0 0
64 29 0
52 29 0
0 0 0
0 0 0
0 0 0
0 0 0
12 10 0
0 0 0
0 0 0
0 0 0
0 0 0
33 58 0
0 0 0
0 0 0
0 0 0
0 0 0
0 0 0
41 48 0
19 69 0
35 29 0
0 0 0
0 0 0
0 0 0
0 0 0
0 0 0
0 0 0
0 0 0
0 0 0
0 0 0
63 16 0
0 0 0
0 0 0
0 0 0
0 0 0
61 59 0
0 0 0
45 70 0
37 56 0
29 24 0
0 0 0
0 0 0
0 0 0
41 18 0
0 0 0
0 0 0
69 38 0
0 0 0
20 16 0
0 0 0
24 24 0
0 0 0
0 0 0
0 0 0
0 0 0
0 0 0
44 50 0
0 0 0
37 48 0
0 0 0
0 0 0
0 0 0
0 0 0
17 50 0
28 64 0
0 0 0
0 0 0
0 0 0
7 18 0
0 0 0
0 0 0
43 25 0
52 20 0
4 16 0
0 0 0
0 0 0
0 0 0
0 0 0
24 36 0
0 0 0
0 0 0
0 0 0
11 76 0
43 38 0
59 58 0
68 15 0
12 64 0
0 0 0
0 0 0
54 8 0
0 0 0
0 0 0
0 0 0
22 40 0
0 0 0
0 0 0
0 0 0
0 0 0
15 58 0
0 0 0
0 0 0
0 0 0
0 0 0
0 0 0
0 0 0
0 0 0
17 33 0
0 0 0
0 0 0
0 0 0
0 0 0
0 0 0
0 0 0
0 0 0
0 0 0
5 72 0
7 73 0
68 32 0
0 0 0
0 0 0
0 0 0
0 0 0
43 68 0
0 0 0
0 0 0
0 0 0
50 48 0
0 0 0
44 2 0
0 0 0
0 0 0
0 0 0
0 0 0
0 0 0
14 35 0
0 0 0
0 0 0
7 67 0
0 0 0
0 0 0
0 0 0
16 37 0
0 0 0
0 0 0
23 67 0
0 0 0
0 0 0
0 0 0
0 0 0
0 0 0
0 0 0
0 0 0
0 0 0
0 0 0
0 0 0
0 0 0
0 0 0
0 0 0
0 0 0
0 0 0
0 0 0
0 0 0
42 37 0
22 66 0
0 0 0
0 0 0
0 0 0
0 0 0
0 0 0
0 0 0
2 13 0
0 0 0
0 0 0
0 0 0
0 0 0
0 0 0
0 0 0
1 12 0
0 0 0
0 0 0
0 0 0
0 0 0
0 0 0
0 0 0
20 6 0
0 0 0
0 0 0
0 0 0
0 0 0
0 0 0
0 0 0
35 13 0
0 0 0
0 0 0
0 0 0
9 54 0
0 0 0
32 71 0
0 0 0
0 0 0
0 0 0
0 0 0
0 0 0
33 17 0
0 0 0
52 76 0
0 0 0
0 0 0
3 71 0
0 0 0
0 0 0
0 0 0
0 0 0
0 0 0
26 34 0
0 0 0
0 0 0
63 12 0
0 0 0
10 74 0
27 75 0
0 0 0
0 0 0
36 53 0
0 0 0
0 0 0
0 0 0
38 46 0
43 79 0
0 0 0
0 0 0
35 31 0
0 0 0
0 0 0
0 0 0
14 49 0
0 0 0
0 0 0
34 56 0
0 0 0
12 79 0
0 0 0
0 0 0
0 0 0
0 0 0
0 0 0
0 0 0
0 0 0
16 16 0
18 55 0
0 0 0
29 69 0
32 33 0
0 0 0
0 0 0
0 0 0
0 0 0
30 57 0
0 0 0
0 0 0
0 0 0
0 0 0
0 0 0
0 0 0
0 0 0
0 0 0
0 0 0
0 0 0
42 35 0
0 0 0
0 0 0
0 0 0
0 0 0
0 0 0
0 0 0
0 0 0
2 54 0
46 71 0
0 0 0
0 0 0
0 0 0
4 73 0
0 0 0
7 5 0
0 0 0
53 9 0
0 0 0
0 0 0
0 0 0
0 0 0
11 56 0
0 0 0
23 14 0
0 0 0
23 5 0
0 0 0
64 56 0
0 0 0
0 0 0
0 0 0
0 0 0
35 20 0
0 0 0
0 0 0
0 0 0
0 0 0
0 0 0
63 51 0
64 17 0
70 8 0
24 33 0
0 0 0
0 0 0
60 28 0
0 0 0
0 0 0
0 0 0
40 32 0
0 0 0
0 0 0
0 0 0
0 0 0
0 0 0
44 67 0
21 15 0
25 32 0
0 0 0
0 0 0
0 0 0
0 0 0
0 0 0
42 58 0
0 0 0
0 0 0
0 0 0
0 0 0
0 0 0
0 0 0
18 16 0
0 0 0
0 0 0
0 0 0
0 0 0
0 0 0
0 0 0
1 74 0
0 0 0
0 0 0
0 0 0
0 0 0
10 79 0
0 0 0
0 0 0
0 0 0
0 0 0
25 22 0
0 0 0
34 65 0
0 0 0
0 0 0
0 0 0
66 77 0
0 0 0
0 0 0
0 0 0
0 0 0
0 0 0
0 0 0
0 0 0
0 0 0
0 0 0
59 37 0
0 0 0
25 71 0
0 0 0
5 24 0
0 0 0
42 69 0
0 0 0
0 0 0
0 0 0
0 0 0
0 0 0
0 0 0
0 0 0
0 0 0
0 0 0
70 15 0
0 0 0
0 0 0
0 0 0
0 0 0
0 0 0
0 0 0
0 0 0
0 0 0
0 0 0
49 78 0
0 0 0
0 0 0
3 4 0
0 0 0
0 0 0
0 0 0
0 0 0
43 40 0
0 0 0
0 0 0
5 55 0
0 0 0
0 0 0
0 0 0
0 0 0
0 0 0
0 0 0
0 0 0
0 0 0
0 0 0
0 0 0
0 0 0
0 0 0
0 0 0
24 70 0
17 17 0
30 70 0
0 0 0
0 0 0
18 35 0
0 0 0
0 0 0
0 0 0
0 0 0
0 0 0
43 59 0
0 0 0
0 0 0
0 0 0
0 0 0
0 0 0
0 0 0
56 16 0
0 0 0
0 0 0
0 0 0
49 60 0
19 17 0
0 0 0
6 4 0
0 0 0
0 0 0
5 42 0
68 29 0
0 0 0
0 0 0
0 0 0
16 53 0
0 0 0
0 0 0
0 0 0
53 47 0
60 9 0
49 58 0
0 0 0
46 74 0
0 0 0
0 0 0
0 0 0
0 0 0
0 0 0
57 22 0
0 0 0
0 0 0
0 0 0
7 57 0
0 0 0
0 0 0
0 0 0
0 0 0
37 65 0
13 76 0
0 0 0
0 0 0
0 0 0
27 79 0
0 0 0
0 0 0
0 0 0
0 0 0
0 0 0
0 0 0
0 0 0
0 0 0
20 28 0
0 0 0
0 0 0
0 0 0
49 40 0
16 71 0
0 0 0
8 17 0
0 0 0
5 14 0
0 0 0
0 0 0
0 0 0
0 0 0
0 0 0
0 0 0
0 0 0
0 0 0
9 73 0
0 0 0
6 60 0
27 61 0
0 0 0
69 56 0
19 33 0
0 0 0
0 0 0
0 0 0
0 0 0
0 0 0
0 0 0
0 0 0
0 0 0
0 0 0
0 0 0
0 0 0
0 0 0
0 0 0
0 0 0
0 0 0
48 79 0
0 0 0
0 0 0
0 0 0
35 70 0
0 0 0
13 20 0
13 50 0
63 4 0
0 0 0
0 0 0
0 0 0
0 0 0
0 0 0
41 42 0
0 0 0
0 0 0
2 3 0
34 74 0
0 0 0
8 4 0
0 0 0
0 0 0
0 0 0
0 0 0
0 0 0
0 0 0
0 0 0
0 0 0
0 0 0
0 0 0
0 0 0
0 0 0
11 50 0
0 0 0
0 0 0
0 0 0
57 11 0
0 0 0
0 0 0
0 0 0
0 0 0
0 0 0
64 5 0
0 0 0
0 0 0
0 0 0
0 0 0
0 0 0
0 0 0
28 47 0
0 0 0
21 67 0
0 0 0
29 71 0
0 0 0
0 0 0
0 0 0
10 72 0
0 0 0
0 0 0
16 77 0
0 0 0
0 0 0
39 10 0
0 0 0
0 0 0
55 75 0
0 0 0
0 0 0
0 0 0
0 0 0
0 0 0
0 0 0
0 0 0
0 0 0
0 0 0
0 0 0
0 0 0
0 0 0
63 63 0
0 0 0
0 0 0
0 0 0
0 0 0
0 0 0
0 0 0
0 0 0
0 0 0
46 16 0
0 0 0
18 28 0
0 0 0
24 4 0
0 0 0
27 67 0
0 0 0
0 0 0
0 0 0
0 0 0
0 0 0
0 0 0
0 0 0
0 0 0
43 16 0
39 72 0
0 0 0
0 0 0
0 0 0
27 17 0
0 0 0
0 0 0
0 0 0
0 0 0
0 0 0
0 0 0
0 0 0
0 0 0
7 75 0
52 73 0
0 0 0
0 0 0
0 0 0
5 11 0
0 0 0
0 0 0
27 35 0
0 0 0
0 0 0
0 0 0
0 0 0
0 0 0
49 38 0
12 45 0
0 0 0
0 0 0
0 0 0
0 0 0
0 0 0
0 0 0
0 0 0
54 79 0
37 24 0
0 0 0
0 0 0
0 0 0
0 0 0
0 0 0
0 0 0
0 0 0
0 0 0
0 0 0
20 51 0
0 0 0
28 1 0
0 0 0
55 27 0
0 0 0
69 22 0
0 0 0
26 10 0
0 0 0
0 0 0
0 0 0
61 76 0
0 0 0
0 0 0
0 0 0
0 0 0
0 0 0
0 0 0
0 0 0
42 33 0
7 41 0
0 0 0
59 14 0
0 0 0
0 0 0
40 22 0
70 50 0
0 0 0
0 0 0
40 55 0
0 0 0
0 0 0
0 0 0
0 0 0
0 0 0
28 40 0
0 0 0
0 0 0
2 70 0
0 0 0
41 10 0
0 0 0
70 46 0
34 26 0
0 0 0
33 22 0
40 77 0
0 0 0
0 0 0
0 0 0
42 27 0
0 0 0
0 0 0
0 0 0
0 0 0
0 0 0
0 0 0
0 0 0
0 0 0
0 0 0
0 0 0
0 0 0
0 0 0
0 0 0
0 0 0
0 0 0
0 0 0
0 0 0
0 0 0
0 0 0
0 0 0
0 0 0
0 0 0
0 0 0
0 0 0
0 0 0
15 64 0
0 0 0
0 0 0
0 0 0
13 53 0
0 0 0
53 69 0
0 0 0
0 0 0
0 0 0
0 0 0
0 0 0
0 0 0
27 53 0
54 60 0
0 0 0
0 0 0
0 0 0
0 0 0
0 0 0
0 0 0
0 0 0
0 0 0
0 0 0
0 0 0
0 0 0
0 0 0
54 4 0
0 0 0
0 0 0
60 64 0
0 0 0
0 0 0
37 51 0
0 0 0
21 18 0
66 16 0
0 0 0
0 0 0
0 0 0
0 0 0
0 0 0
0 0 0
0 0 0
29 31 0
25 13 0
0 0 0
0 0 0
48 74 0
28 57 0
0 0 0
0 0 0
0 0 0
31 76 0
28 72 0
52 57 0
5 39 0
62 31 0
53 28 0
0 0 0
0 0 0
0 0 0
59 63 0
0 0 0
0 0 0
62 6 0
10 51 0
40 40 0
67 11 0
0 0 0
0 0 0
39 53 0
0 0 0
0 0 0
0 0 0
0 0 0
18 38 0
0 0 0
0 0 0
0 0 0
23 35 0
26 76 0
56 73 0
0 0 0
0 0 0
0 0 0
6 54 0
18 40 0
10 67 0
0 0 0
0 0 0
0 0 0
0 0 0
0 0 0
0 0 0
0 0 0
0 0 0
0 0 0
0 0 0
25 20 0
0 0 0
38 77 0
0 0 0
0 0 0
0 0 0
0 0 0
0 0 0
25 67 0
64 33 0
0 0 0
0 0 0
0 0 0
0 0 0
0 0 0
0 0 0
0 0 0
0 0 0
27 71 0
0 0 0
0 0 0
0 0 0
0 0 0
1 14 0
0 0 0
0 0 0
0 0 0
0 0 0
0 0 0
0 0 0
0 0 0
35 51 0
24 30 0
0 0 0
0 0 0
0 0 0
56 19 0
16 49 0
0 0 0
38 5 0
12 72 0
0 0 0
0 0 0
34 6 0
0 0 0
54 62 0
0 0 0
0 0 0
0 0 0
0 0 0
51 45 0
0 0 0
0 0 0
0 0 0
64 54 0
0 0 0
0 0 0
6 30 0
31 34 0
0 0 0
11 68 0
49 36 0
22 25 0
0 0 0
0 0 0
0 0 0
0 0 0
0 0 0
0 0 0
0 0 0
0 0 0
0 0 0
0 0 0
0 0 0
0 0 0
0 0 0
49 29 0
63 72 0
0 0 0
31 29 0
54 30 0
0 0 0
10 77 0
0 0 0
0 0 0
0 0 0
0 0 0
0 0 0
0 0 0
16 73 0
0 0 0
0 0 0
0 0 0
28 70 0
0 0 0
0 0 0
0 0 0
67 20 0
0 0 0
0 0 0
67 38 0
0 0 0
13 37 0
0 0 0
0 0 0
8 6 0
0 0 0
61 65 0
0 0 0
0 0 0
0 0 0
0 0 0
57 48 0
0 0 0
0 0 0
28 78 0
26 18 0
31 56 0
0 0 0
0 0 0
42 54 0
0 0 0
55 48 0
0 0 0
11 31 0
31 50 0
53 56 0
0 0 0
0 0 0
49 53 0
45 58 0
0 0 0
0 0 0
0 0 0
0 0 0
0 0 0
0 0 0
0 0 0
9 32 0
50 30 0
0 0 0
0 0 0
0 0 0
15 8 0
0 0 0
23 54 0
0 0 0
0 0 0
33 30 0
0 0 0
0 0 0
0 0 0
0 0 0
0 0 0
0 0 0
0 0 0
0 0 0
0 0 0
0 0 0
0 0 0
0 0 0
38 57 0
0 0 0
0 0 0
0 0 0
63 75 0
0 0 0
32 4 0
0 0 0
0 0 0
0 0 0
23 51 0
0 0 0
0 0 0
0 0 0
37 22 0
7 49 0
0 0 0
39 69 0
0 0 0
0 0 0
0 0 0
48 16 0
0 0 0
0 0 0
6 58 0
0 0 0
0 0 0
0 0 0
0 0 0
0 0 0
0 0 0
0 0 0
0 0 0
0 0 0
0 0 0
0 0 0
0 0 0
66 12 0
0 0 0
0 0 0
0 0 0
0 0 0
52 55 0
4 68 0
0 0 0
22 79 0
0 0 0
0 0 0
6 56 0
0 0 0
0 0 0
0 0 0
0 0 0
0 0 0
0 0 0
0 0 0
0 0 0
0 0 0
32 36 0
11 9 0
0 0 0
3 67 0
12 17 0
0 0 0
0 0 0
0 0 0
0 0 0
0 0 0
0 0 0
0 0 0
0 0 0
0 0 0
0 0 0
0 0 0
0 0 0
69 16 0
0 0 0
0 0 0
54 6 0
16 75 0
0 0 0
36 11 0
0 0 0
0 0 0
0 0 0
29 48 0
45 61 0
0 0 0
0 0 0
0 0 0
0 0 0
42 39 0
0 0 0
38 25 0
0 0 0
68 44 0
0 0 0
5 5 0
0 0 0
51 23 0
0 0 0
60 30 0
10 49 0
0 0 0
0 0 0
4 8 0
33 67 0
19 27 0
0 0 0
0 0 0
19 5 0
6 15 0
14 41 0
0 0 0
32 48 0
0 0 0
0 0 0
0 0 0
0 0 0
32 73 0
0 0 0
31 19 0
30 30 0
41 12 0
0 0 0
60 20 0
0 0 0
0 0 0
0 0 0
0 0 0
0 0 0
68 55 0
2 61 0
0 0 0
0 0 0
0 0 0
0 0 0
23 10 0
0 0 0
60 23 0
0 0 0
0 0 0
0 0 0
18 53 0
0 0 0
0 0 0
0 0 0
67 36 0
0 0 0
0 0 0
0 0 0
0 0 0
0 0 0
0 0 0
33 34 0
0 0 0
0 0 0
0 0 0
0 0 0
0 0 0
65 32 0
58 65 0
49 55 0
11 33 0
0 0 0
4 3 0
0 0 0
44 78 0
0 0 0
0 0 0
0 0 0
51 7 0
60 70 0
48 43 0
62 52 0
0 0 0
0 0 0
54 57 0
0 0 0
0 0 0
0 0 0
0 0 0
0 0 0
0 0 0
0 0 0
37 39 0
0 0 0
0 0 0
0 0 0
0 0 0
0 0 0
0 0 0
0 0 0
0 0 0
0 0 0
0 0 0
0 0 0
0 0 0
0 0 0
0 0 0
0 0 0
0 0 0
0 0 0
0 0 0
0 0 0
0 0 0
0 0 0
70 29 0
0 0 0
0 0 0
0 0 0
0 0 0
0 0 0
63 2 0
0 0 0
0 0 0
0 0 0
39 65 0
0 0 0
0 0 0
11 18 0
0 0 0
8 53 0
0 0 0
0 0 0
0 0 0
0 0 0
0 0 0
0 0 0
0 0 0
24 79 0
0 0 0
0 0 0
0 0 0
16 21 0
21 36 0
0 0 0
27 20 0
54 74 0
0 0 0
0 0 0
0 0 0
0 0 0
0 0 0
34 35 0
0 0 0
0 0 0
0 0 0
57 70 0
0 0 0
50 72 0
0 0 0
53 63 0
0 0 0
0 0 0
0 0 0
25 58 0
47 58 0
0 0 0
0 0 0
0 0 0
0 0 0
0 0 0
0 0 0
0 0 0
0 0 0
0 0 0
48 28 0
12 49 0
36 8 0
0 0 0
27 77 0
28 9 0
0 0 0
10 19 0
0 0 0
54 40 0
27 29 0
50 70 0
33 11 0
0 0 0
0 0 0
0 0 0
0 0 0
0 0 0
0 0 0
0 0 0
37 26 0
67 13 0
37 54 0
0 0 0
0 0 0
0 0 0
0 0 0
0 0 0
0 0 0
0 0 0
46 14 0
40 50 0
51 19 0
35 41 0
0 0 0
17 20 0
0 0 0
43 4 0
0 0 0
0 0 0
0 0 0
11 5 0
48 54 0
0 0 0
0 0 0
0 0 0
0 0 0
0 0 0
0 0 0
14 73 0
0 0 0
0 0 0
0 0 0
0 0 0
0 0 0
0 0 0
67 49 0
0 0 0
0 0 0
0 0 0
58 13 0
0 0 0
0 0 0
0 0 0
0 0 0
0 0 0
0 0 0
31 25 0
0 0 0
68 48 0
0 0 0
69 77 0
1 56 0
0 0 0
0 0 0
0 0 0
0 0 0
0 0 0
0 0 0
41 25 0
18 10 0
0 0 0
60 13 0
0 0 0
0 0 0
59 12 0
0 0 0
0 0 0
0 0 0
0 0 0
0 0 0
0 0 0
0 0 0
0 0 0
15 20 0
0 0 0
0 0 0
37 9 0
0 0 0
0 0 0
0 0 0
0 0 0
0 0 0
0 0 0
0 0 0
0 0 0
42 73 0
42 60 0
0 0 0
0 0 0
0 0 0
0 0 0
0 0 0
5 61 0
0 0 0
0 0 0
0 0 0
0 0 0
39 7 0
0 0 0
19 36 0
33 9 0
0 0 0
0 0 0
0 0 0
0 0 0
53 72 0
0 0 0
0 0 0
0 0 0
0 0 0
0 0 0
54 70 0
0 0 0
25 51 0
0 0 0
0 0 0
0 0 0
0 0 0
0 0 0
23 21 0
65 68 0
59 42 0
27 7 0
0 0 0
0 0 0
13 22 0
67 41 0
3 58 0
70 67 0
35 75 0
0 0 0
0 0 0
56 23 0
0 0 0
0 0 0
0 0 0
45 72 0
0 0 0
0 0 0
0 0 0
0 0 0
0 0 0
0 0 0
0 0 0
0 0 0
0 0 0
0 0 0
52 40 0
0 0 0
0 0 0
0 0 0
0 0 0
0 0 0
8 77 0
0 0 0
0 0 0
68 46 0
0 0 0
64 77 0
0 0 0
46 36 0
26 52 0
60 41 0
22 44 0
0 0 0
0 0 0
0 0 0
0 0 0
15 52 0
38 21 0
0 0 0
0 0 0
0 0 0
0 0 0
0 0 0
0 0 0
0 0 0
0 0 0
48 59 0
0 0 0
0 0 0
0 0 0
0 0 0
0 0 0
0 0 0
0 0 0
0 0 0
0 0 0
0 0 0
0 0 0
25 73 0
0 0 0
48 25 0
62 73 0
58 61 0
0 0 0
0 0 0
0 0 0
54 76 0
55 35 0
0 0 0
4 54 0
0 0 0
45 30 0
0 0 0
0 0 0
8 45 0
0 0 0
0 0 0
0 0 0
0 0 0
0 0 0
0 0 0
0 0 0
55 20 0
0 0 0
0 0 0
58 17 0
0 0 0
0 0 0
41 74 0
0 0 0
0 0 0
0 0 0
0 0 0
0 0 0
0 0 0
0 0 0
0 0 0
0 0 0
0 0 0
0 0 0
0 0 0
0 0 0
0 0 0
0 0 0
0 0 0
0 0 0
61 5 0
0 0 0
51 78 0
59 40 0
0 0 0
0 0 0
0 0 0
0 0 0
0 0 0
0 0 0
0 0 0
0 0 0
0 0 0
0 0 0
0 0 0
0 0 0
50 37 0
0 0 0
0 0 0
0 0 0
0 0 0
0 0 0
0 0 0
39 14 0
0 0 0
0 0 0
0 0 0
55 24 0
0 0 0
18 18 0
0 0 0
0 0 0
0 0 0
0 0 0
0 0 0
61 74 0
0 0 0
0 0 0
0 0 0
0 0 0
0 0 0
64 58 0
0 0 0
0 0 0
70 55 0
0 0 0
12 51 0
0 0 0
0 0 0
38 50 0
0 0 0
0 0 0
0 0 0
0 0 0
0 0 0
54 55 0
21 78 0
0 0 0
0 0 0
0 0 0
0 0 0
3 78 0
0 0 0
0 0 0
0 0 0
0 0 0
0 0 0
0 0 0
0 0 0
0 0 0
0 0 0
0 0 0
61 37 0
26 24 0
0 0 0
0 0 0
0 0 0
34 68 0
0 0 0
0 0 0
13 4 0
0 0 0
70 25 0
61 27 0
29 56 0
0 0 0
0 0 0
0 0 0
0 0 0
40 66 0
0 0 0
0 0 0
32 12 0
0 0 0
0 0 0
0 0 0
0 0 0
0 0 0
0 0 0
0 0 0
0 0 0
0 0 0
0 0 0
0 0 0
0 0 0
61 68 0
0 0 0
0 0 0
0 0 0
33 54 0
0 0 0
0 0 0
22 53 0
32 51 0
56 30 0
28 52 0
0 0 0
0 0 0
0 0 0
0 0 0
9 76 0
65 78 0
0 0 0
35 27 0
0 0 0
0 0 0
0 0 0
0 0 0
0 0 0
0 0 0
0 0 0
0 0 0
0 0 0
0 0 0
0 0 0
0 0 0
0 0 0
36 21 0
66 2 0
40 46 0
0 0 0
61 17 0
0 0 0
0 0 0
0 0 0
0 0 0
0 0 0
0 0 0
0 0 0
0 0 0
0 0 0
0 0 0
0 0 0
39 16 0
0 0 0
60 56 0
9 5 0
0 0 0
0 0 0
42 11 0
14 46 0
0 0 0
0 0 0
0 0 0
47 17 0
0 0 0
20 66 0
0 0 0
40 57 0
0 0 0
0 0 0
0 0 0
0 0 0
0 0 0
68 12 0
0 0 0
0 0 0
0 0 0
0 0 0
1 60 0
67 22 0
0 0 0
45 5 0
0 0 0
0 0 0
35 54 0
0 0 0
0 0 0
35 39 0
0 0 0
0 0 0
13 33 0
0 0 0
12 6 0
0 0 0
0 0 0
0 0 0
0 0 0
39 20 0
0 0 0
0 0 0
0 0 0
0 0 0
0 0 0
0 0 0
0 0 0
0 0 0
0 0 0
0 0 0
2 16 0
47 15 0
0 0 0
0 0 0
0 0 0
0 0 0
0 0 0
0 0 0
0 0 0
58 75 0
0 0 0
30 18 0
0 0 0
17 7 0
22 38 0
0 0 0
0 0 0
0 0 0
29 77 0
0 0 0
0 0 0
0 0 0
0 0 0
0 0 0
0 0 0
0 0 0
0 0 0
67 17 0
0 0 0
0 0 0
0 0 0
0 0 0
0 0 0
0 0 0
0 0 0
0 0 0
0 0 0
0 0 0
0 0 0
0 0 0
0 0 0
63 59 0
0 0 0
0 0 0
0 0 0
63 47 0
0 0 0
0 0 0
10 7 0
0 0 0
0 0 0
0 0 0
0 0 0
15 54 0
0 0 0
0 0 0
0 0 0
0 0 0
0 0 0
42 21 0
0 0 0
0 0 0
3 69 0
60 4 0
6 70 0
35 63 0
38 8 0
0 0 0
0 0 0
69 10 0
0 0 0
0 0 0
0 0 0
0 0 0
0 0 0
0 0 0
0 0 0
0 0 0
0 0 0
31 10 0
0 0 0
0 0 0
55 69 0
0 0 0
30 7 0
2 49 0
10 15 0
0 0 0
0 0 0
0 0 0
0 0 0
0 0 0
0 0 0
0 0 0
2 35 0
0 0 0
0 0 0
0 0 0
0 0 0
34 8 0
24 11 0
0 0 0
0 0 0
0 0 0
0 0 0
0 0 0
0 0 0
0 0 0
57 24 0
0 0 0
0 0 0
0 0 0
0 0 0
0 0 0
4 56 0
0 0 0
0 0 0
0 0 0
0 0 0
45 42 0
0 0 0
11 48 0
37 20 0
0 0 0
64 26 0
0 0 0
17 67 0
49 69 0
0 0 0
0 0 0
0 0 0
0 0 0
0 0 0
0 0 0
0 0 0
0 0 0
70 76 0
0 0 0
0 0 0
67 75 0
0 0 0
0 0 0
0 0 0
0 0 0
0 0 0
0 0 0
0 0 0
0 0 0
59 22 0
0 0 0
3 14 0
10 21 0
0 0 0
0 0 0
0 0 0
0 0 0
0 0 0
0 0 0
0 0 0
41 36 0
0 0 0
0 0 0
0 0 0
0 0 0
57 55 0
1 53 0
0 0 0
0 0 0
0 0 0
0 0 0
0 0 0
0 0 0
0 0 0
0 0 0
18 30 0
22 11 0
0 0 0
0 0 0
18 44 0
0 0 0
0 0 0
54 68 0
0 0 0
35 36 0
22 27 0
0 0 0
0 0 0
0 0 0
0 0 0
0 0 0
0 0 0
0 0 0
0 0 0
0 0 0
0 0 0
0 0 0
0 0 0
0 0 0
55 77 0
0 0 0
28 38 0
0 0 0
0 0 0
0 0 0
40 26 0
0 0 0
0 0 0
0 0 0
0 0 0
0 0 0
0 0 0
0 0 0
0 0 0
0 0 0
53 5 0
46 54 0
0 0 0
0 0 0
0 0 0
37 72 0
0 0 0
0 0 0
24 42 0
0 0 0
0 0 0
0 0 0
58 4 0
64 79 0
62 64 0
59 16 0
0 0 0
0 0 0
0 0 0
0 0 0
15 56 0
32 24 0
0 0 0
53 19 0
0 0 0
36 19 0
0 0 0
68 25 0
0 0 0
36 35 0
0 0 0
0 0 0
0 0 0
0 0 0
0 0 0
52 67 0
0 0 0
0 0 0
45 68 0
0 0 0
23 19 0
0 0 0
0 0 0
0 0 0
0 0 0
0 0 0
0 0 0
0 0 0
27 65 0
16 68 0
0 0 0
0 0 0
0 0 0
0 0 0
0 0 0
37 78 0
0 0 0
0 0 0
0 0 0
0 0 0
0 0 0
0 0 0
0 0 0
0 0 0
0 0 0
0 0 0
16 60 0
0 0 0
0 0 0
0 0 0
0 0 0
0 0 0
0 0 0
46 69 0
0 0 0
44 17 0
0 0 0
20 31 0
0 0 0
0 0 0
0 0 0
0 0 0
39 76 0
0 0 0
0 0 0
50 6 0
0 0 0
0 0 0
0 0 0
0 0 0
0 0 0
0 0 0
45 27 0
0 0 0
0 0 0
23 58 0
0 0 0
0 0 0
0 0 0
0 0 0
0 0 0
0 0 0
0 0 0
0 0 0
0 0 0
0 0 0
0 0 0
0 0 0
0 0 0
24 59 0
0 0 0
58 59 0
1 23 0
0 0 0
0 0 0
0 0 0
0 0 0
0 0 0
66 66 0
57 20 0
0 0 0
0 0 0
16 14 0
0 0 0
15 76 0
47 30 0
58 32 0
0 0 0
0 0 0
0 0 0
0 0 0
0 0 0
0 0 0
0 0 0
0 0 0
0 0 0
0 0 0
0 0 0
0 0 0
0 0 0
22 33 0
0 0 0
0 0 0
25 17 0
0 0 0
34 40 0
0 0 0
0 0 0
0 0 0
0 0 0
0 0 0
0 0 0
0 0 0
42 52 0
38 71 0
40 62 0
0 0 0
0 0 0
0 0 0
0 0 0
27 15 0
0 0 0
61 19 0
55 72 0
0 0 0
0 0 0
0 0 0
0 0 0
0 0 0
9 41 0
55 29 0
0 0 0
0 0 0
0 0 0
38 68 0
0 0 0
0 0 0
0 0 0
50 20 0
0 0 0
16 65 0
0 0 0
6 8 0
0 0 0
0 0 0
41 72 0
0 0 0
0 0 0
47 37 0
70 44 0
0 0 0
0 0 0
13 40 0
0 0 0
0 0 0
0 0 0
0 0 0
0 0 0
0 0 0
0 0 0
0 0 0
0 0 0
0 0 0
0 0 0
0 0 0
0 0 0
0 0 0
0 0 0
0 0 0
39 41 0
0 0 0
9 22 0
0 0 0
0 0 0
37 7 0
6 6 0
0 0 0
13 60 0
0 0 0
11 11 0
0 0 0
0 0 0
0 0 0
0 0 0
34 1 0
0 0 0
0 0 0
0 0 0
0 0 0
13 7 0
0 0 0
0 0 0
0 0 0
0 0 0
0 0 0
67 51 0
0 0 0
0 0 0
0 0 0
0 0 0
0 0 0
0 0 0
0 0 0
0 0 0
0 0 0
0 0 0
51 21 0
0 0 0
57 64 0
0 0 0
36 30 0
0 0 0
0 0 0
29 53 0
0 0 0
0 0 0
0 0 0
28 30 0
0 0 0
0 0 0
21 5 0
0 0 0
0 0 0
0 0 0
0 0 0
0 0 0
46 29 0
0 0 0
0 0 0
6 50 0
31 65 0
0 0 0
28 19 0
0 0 0
0 0 0
0 0 0
0 0 0
0 0 0
0 0 0
0 0 0
0 0 0
0 0 0
0 0 0
0 0 0
0 0 0
0 0 0
0 0 0
0 0 0
0 0 0
70 79 0
0 0 0
0 0 0
0 0 0
0 0 0
6 10 0
0 0 0
59 66 0
0 0 0
0 0 0
0 0 0
0 0 0
0 0 0
0 0 0
0 0 0
17 11 0
0 0 0
0 0 0
0 0 0
0 0 0
0 0 0
0 0 0
0 0 0
0 0 0
0 0 0
0 0 0
0 0 0
0 0 0
10 34 0
30 15 0
46 79 0
45 56 0
0 0 0
0 0 0
0 0 0
0 0 0
31 74 0
47 73 0
0 0 0
3 65 0
0 0 0
0 0 0
0 0 0
0 0 0
0 0 0
0 0 0
0 0 0
0 0 0
0 0 0
0 0 0
54 16 0
0 0 0
0 0 0
0 0 0
0 0 0
0 0 0
0 0 0
0 0 0
14 75 0
49 21 0
0 0 0
58 19 0
0 0 0
31 23 0
0 0 0
0 0 0
39 36 0
0 0 0
0 0 0
0 0 0
0 0 0
1 71 0
0 0 0
0 0 0
0 0 0
0 0 0
0 0 0
7 47 0
52 70 0
0 0 0
0 0 0
0 0 0
0 0 0
0 0 0
52 8 0
0 0 0
66 47 0
0 0 0
0 0 0
0 0 0
0 0 0
0 0 0
25 9 0
17 79 0
0 0 0
0 0 0
0 0 0
0 0 0
0 0 0
0 0 0
0 0 0
0 0 0
0 0 0
0 0 0
0 0 0
0 0 0
0 0 0
0 0 0
0 0 0
0 0 0
0 0 0
0 0 0
0 0 0
68 76 0
35 4 0
0 0 0
65 4 0
49 42 0
57 18 0
0 0 0
0 0 0
52 62 0
0 0 0
0 0 0
0 0 0
0 0 0
33 47 0
40 34 0
0 0 0
0 0 0
0 0 0
4 23 0
0 0 0
0 0 0
0 0 0
0 0 0
32 38 0
0 0 0
0 0 0
14 77 0
0 0 0
0 0 0
7 44 0
0 0 0
0 0 0
0 0 0
0 0 0
0 0 0
11 65 0
0 0 0
6 20 0
0 0 0
0 0 0
0 0 0
19 11 0
0 0 0
0 0 0
52 15 0
38 15 0
32 79 0
0 0 0
19 7 0
0 0 0
0 0 0
0 0 0
0 0 0
0 0 0
60 79 0
0 0 0
0 0 0
0 0 0
0 0 0
0 0 0
0 0 0
0 0 0
0 0 0
0 0 0
44 35 0
0 0 0
0 0 0
0 0 0
0 0 0
0 0 0
0 0 0
0 0 0
22 17 0
0 0 0
0 0 0
0 0 0
0 0 0
0 0 0
0 0 0
0 0 0
0 0 0
0 0 0
0 0 0
0 0 0
0 0 0
0 0 0
0 0 0
59 60 0
0 0 0
0 0 0
3 52 0
0 0 0
0 0 0
0 0 0
14 16 0
0 0 0
0 0 0
15 17 0
0 0 0
0 0 0
53 36 0
0 0 0
0 0 0
0 0 0
0 0 0
48 6 0
28 74 0
0 0 0
70 37 0
0 0 0
0 0 0
48 35 0
0 0 0
41 78 0
0 0 0
39 45 0
0 0 0
0 0 0
43 13 0
0 0 0
38 3 0
0 0 0
0 0 0
0 0 0
37 63 0
50 22 0
0 0 0
0 0 0
0 0 0
0 0 0
0 0 0
58 21 0
59 69 0
47 33 0
0 0 0
0 0 0
0 0 0
0 0 0
0 0 0
44 39 0
9 3 0
0 0 0
49 71 0
0 0 0
23 8 0
51 60 0
0 0 0
0 0 0
0 0 0
0 0 0
0 0 0
0 0 0
59 3 0
0 0 0
64 61 0
0 0 0
0 0 0
0 0 0
0 0 0
0 0 0
0 0 0
0 0 0
0 0 0
43 71 0
0 0 0
0 0 0
0 0 0
64 8 0
0 0 0
68 27 0
11 78 0
0 0 0
0 0 0
0 0 0
0 0 0
0 0 0
0 0 0
0 0 0
16 30 0
26 47 0
0 0 0
0 0 0
0 0 0
0 0 0
9 47 0
0 0 0
0 0 0
26 16 0
0 0 0
0 0 0
0 0 0
0 0 0
0 0 0
0 0 0
0 0 0
36 49 0
0 0 0
0 0 0
0 0 0
8 74 0
22 68 0
0 0 0
16 12 0
0 0 0
0 0 0
0 0 0
0 0 0
0 0 0
7 3 0
0 0 0
36 23 0
0 0 0
11 71 0
0 0 0
0 0 0
52 13 0
0 0 0
0 0 0
0 0 0
0 0 0
0 0 0
0 0 0
0 0 0
0 0 0
33 27 0
0 0 0
0 0 0
43 44 0
0 0 0
0 0 0
0 0 0
0 0 0
47 52 0
0 0 0
29 50 0
0 0 0
40 79 0
0 0 0
0 0 0
0 0 0
39 78 0
0 0 0
23 69 0
0 0 0
0 0 0
58 30 0
17 31 0
20 70 0
0 0 0
0 0 0
21 26 0
0 0 0
0 0 0
0 0 0
0 0 0
0 0 0
37 36 0
0 0 0
0 0 0
0 0 0
0 0 0
0 0 0
0 0 0
0 0 0
0 0 0
0 0 0
0 0 0
0 0 0
29 46 0
0 0 0
48 18 0
0 0 0
0 0 0
0 0 0
0 0 0
41 5 0
0 0 0
0 0 0
0 0 0
0 0 0
50 61 0
0 0 0
0 0 0
52 2 0
5 53 0
0 0 0
0 0 0
8 15 0
0 0 0
0 0 0
26 30 0
0 0 0
0 0 0
28 66 0
0 0 0
0 0 0
0 0 0
0 0 0
0 0 0
0 0 0
0 0 0
0 0 0
0 0 0
1 67 0
0 0 0
51 74 0
0 0 0
0 0 0
0 0 0
0 0 0
0 0 0
0 0 0
0 0 0
0 0 0
0 0 0
0 0 0
0 0 0
60 15 0
0 0 0
0 0 0
12 21 0
21 39 0
0 0 0
0 0 0
0 0 0
0 0 0
0 0 0
0 0 0
21 65 0
0 0 0
0 0 0
0 0 0
0 0 0
0 0 0
0 0 0
0 0 0
0 0 0
0 0 0
0 0 0
0 0 0
0 0 0
0 0 0
39 18 0
0 0 0
0 0 0
45 18 0
0 0 0
0 0 0
0 0 0
0 0 0
40 43 0
0 0 0
0 0 0
0 0 0
20 45 0
59 73 0
20 60 0
0 0 0
0 0 0
0 0 0
0 0 0
0 0 0
0 0 0
0 0 0
0 0 0
0 0 0
0 0 0
0 0 0
54 12 0
0 0 0
0 0 0
0 0 0
15 79 0
0 0 0
41 61 0
0 0 0
28 68 0
0 0 0
0 0 0
0 0 0
0 0 0
0 0 0
0 0 0
0 0 0
0 0 0
0 0 0
0 0 0
0 0 0
55 59 0
0 0 0
0 0 0
0 0 0
23 76 0
0 0 0
25 69 0
29 67 0
0 0 0
0 0 0
33 20 0
39 74 0
0 0 0
0 0 0
67 24 0
0 0 0
0 0 0
0 0 0
0 0 0
0 0 0
0 0 0
33 69 0
1 58 0
0 0 0
0 0 0
0 0 0
0 0 0
0 0 0
0 0 0
36 73 0
0 0 0
36 15 0
31 68 0
45 53 0
36 28 0
0 0 0
0 0 0
0 0 0
0 0 0
0 0 0
0 0 0
0 0 0
0 0 0
0 0 0
0 0 0
0 0 0
29 8 0
66 40 0
0 0 0
0 0 0
46 39 0
0 0 0
0 0 0
0 0 0
0 0 0
0 0 0
0 0 0
0 0 0
0 0 0
0 0 0
0 0 0
0 0 0
0 0 0
17 48 0
39 39 0
0 0 0
0 0 0
0 0 0
0 0 0
0 0 0
0 0 0
0 0 0
0 0 0
30 11 0
0 0 0
30 22 0
0 0 0
0 0 0
29 20 0
0 0 0
0 0 0
0 0 0
0 0 0
0 0 0
0 0 0
0 0 0
7 59 0
0 0 0
68 5 0
0 0 0
0 0 0
0 0 0
0 0 0
4 13 0
0 0 0
18 70 0
0 0 0
0 0 0
0 0 0
17 63 0
0 0 0
0 0 0
0 0 0
0 0 0
0 0 0
60 51 0
0 0 0
39 56 0
0 0 0
0 0 0
52 35 0
0 0 0
20 68 0
0 0 0
46 60 0
0 0 0
0 0 0
0 0 0
0 0 0
21 7 0
60 6 0
0 0 0
0 0 0
0 0 0
33 75 0
0 0 0
0 0 0
0 0 0
0 0 0
57 29 0
7 71 0
0 0 0
0 0 0
0 0 0
0 0 0
0 0 0
7 79 0
4 43 0
61 61 0
0 0 0
0 0 0
0 0 0
0 0 0
14 21 0
0 0 0
0 0 0
59 47 0
0 0 0
0 0 0
2 59 0
20 62 0
67 4 0
57 9 0
0 0 0
0 0 0
0 0 0
0 0 0
0 0 0
0 0 0
26 8 0
0 0 0
0 0 0
0 0 0
22 64 0
0 0 0
0 0 0
0 0 0
64 31 0
0 0 0
0 0 0
0 0 0
0 0 0
0 0 0
0 0 0
59 10 0
0 0 0
0 0 0
0 0 0
0 0 0
0 0 0
0 0 0
0 0 0
0 0 0
0 0 0
0 0 0
0 0 0
38 32 0
34 46 0
0 0 0
0 0 0
54 43 0
0 0 0
0 0 0
0 0 0
23 39 0
0 0 0
0 0 0
0 0 0
0 0 0
0 0 0
0 0 0
0 0 0
26 5 0
0 0 0
0 0 0
0 0 0
0 0 0
0 0 0
0 0 0
0 0 0
15 34 0
68 74 0
0 0 0
0 0 0
0 0 0
0 0 0
0 0 0
0 0 0
0 0 0
7 11 0
0 0 0
0 0 0
0 0 0
30 5 0
0 0 0
0 0 0
0 0 0
0 0 0
0 0 0
0 0 0
0 0 0
0 0 0
0 0 0
0 0 0
0 0 0
0 0 0
0 0 0
0 0 0
0 0 0
34 18 0
0 0 0
0 0 0
0 0 0
0 0 0
2 68 0
21 55 0
0 0 0
15 67 0
6 45 0
0 0 0
57 3 0
0 0 0
0 0 0
0 0 0
0 0 0
0 0 0
0 0 0
0 0 0
22 29 0
38 64 0
46 47 0
0 0 0
0 0 0
0 0 0
0 0 0
0 0 0
0 0 0
0 0 0
0 0 0
38 73 0
52 37 0
70 27 0
0 0 0
0 0 0
0 0 0
49 5 0
12 77 0
0 0 0
54 26 0
0 0 0
0 0 0
5 79 0
0 0 0
0 0 0
0 0 0
58 15 0
0 0 0
0 0 0
0 0 0
0 0 0
57 14 0
24 18 0
0 0 0
0 0 0
63 23 0
0 0 0
0 0 0
0 0 0
0 0 0
0 0 0
0 0 0
44 28 0
0 0 0
10 62 0
0 0 0
52 59 0
0 0 0
61 10 0
19 49 0
0 0 0
0 0 0
6 68 0
0 0 0
0 0 0
66 6 0
53 54 0
0 0 0
41 14 0
0 0 0
0 0 0
0 0 0
0 0 0
0 0 0
12 34 0
11 39 0
0 0 0
0 0 0
0 0 0
0 0 0
0 0 0
0 0 0
50 8 0
54 23 0
28 16 0
0 0 0
0 0 0
0 0 0
0 0 0
0 0 0
38 44 0
0 0 0
0 0 0
0 0 0
0 0 0
0 0 0
0 0 0
0 0 0
14 14 0
0 0 0
0 0 0
0 0 0
31 61 0
0 0 0
0 0 0
57 57 0
0 0 0
0 0 0
51 1 0
0 0 0
0 0 0
0 0 0
46 57 0
0 0 0
0 0 0
0 0 0
0 0 0
0 0 0
16 39 0
0 0 0
0 0 0
0 0 0
1 8 0
0 0 0
0 0 0
0 0 0
45 75 0
0 0 0
38 38 0
0 0 0
16 47 0
0 0 0
0 0 0
0 0 0
0 0 0
0 0 0
0 0 0
0 0 0
0 0 0
0 0 0
0 0 0
0 0 0
46 67 0
0 0 0
20 19 0
44 43 0
0 0 0
0 0 0
0 0 0
30 35 0
0 0 0
0 0 0
69 75 0
0 0 0
0 0 0
26 72 0
70 57 0
0 0 0
0 0 0
0 0 0
0 0 0
0 0 0
0 0 0
0 0 0
0 0 0
0 0 0
0 0 0
0 0 0
0 0 0
0 0 0
56 28 0
0 0 0
0 0 0
47 55 0
0 0 0
44 62 0
0 0 0
0 0 0
0 0 0
0 0 0
0 0 0
0 0 0
0 0 0
53 77 0
0 0 0
0 0 0
0 0 0
0 0 0
0 0 0
0 0 0
0 0 0
0 0 0
0 0 0
54 14 0
0 0 0
0 0 0
0 0 0
44 41 0
0 0 0
0 0 0
47 70 0
0 0 0
0 0 0
20 8 0
0 0 0
0 0 0
0 0 0
65 55 0
0 0 0
0 0 0
0 0 0
32 18 0
0 0 0
0 0 0
51 36 0
0 0 0
0 0 0
0 0 0
11 16 0
0 0 0
0 0 0
0 0 0
0 0 0
0 0 0
0 0 0
0 0 0
4 6 0
0 0 0
0 0 0
0 0 0
0 0 0
65 51 0
3 22 0
0 0 0
0 0 0
0 0 0
0 0 0
0 0 0
0 0 0
0 0 0
0 0 0
0 0 0
0 0 0
0 0 0
0 0 0
0 0 0
38 75 0
0 0 0
0 0 0
0 0 0
0 0 0
28 55 0
55 56 0
0 0 0
0 0 0
43 77 0
0 0 0
0 0 0
32 28 0
0 0 0
0 0 0
0 0 0
0 0 0
0 0 0
0 0 0
0 0 0
0 0 0
0 0 0
58 27 0
14 31 0
0 0 0
0 0 0
0 0 0
59 71 0
36 64 0
0 0 0
0 0 0
21 22 0
0 0 0
27 48 0
0 0 0
0 0 0
8 19 0
0 0 0
0 0 0
0 0 0
0 0 0
36 79 0
0 0 0
0 0 0
0 0 0
0 0 0
0 0 0
40 17 0
44 11 0
0 0 0
0 0 0
64 3 0
0 0 0
0 0 0
0 0 0
0 0 0
0 0 0
0 0 0
2 51 0
0 0 0
28 11 0
0 0 0
0 0 0
39 51 0
9 8 0
0 0 0
0 0 0
0 0 0
0 0 0
0 0 0
40 6 0
0 0 0
0 0 0
0 0 0
0 0 0
0 0 0
31 6 0
0 0 0
0 0 0
25 53 0
28 25 0
24 52 0
0 0 0
0 0 0
0 0 0
0 0 0
0 0 0
0 0 0
27 33 0
0 0 0
0 0 0
66 74 0
0 0 0
58 79 0
0 0 0
11 22 0
22 1 0
5 37 0
0 0 0
0 0 0
35 72 0
0 0 0
0 0 0
0 0 0
0 0 0
0 0 0
39 67 0
0 0 0
32 16 0
0 0 0
0 0 0
0 0 0
18 68 0
0 0 0
29 75 0
51 14 0
0 0 0
65 75 0
0 0 0
13 78 0
36 66 0
0 0 0
0 0 0
0 0 0
18 6 0
11 20 0
41 38 0
0 0 0
0 0 0
0 0 0
0 0 0
3 60 0
0 0 0
0 0 0
47 68 0
0 0 0
0 0 0
0 0 0
0 0 0
0 0 0
0 0 0
57 62 0
65 18 0
64 50 0
67 45 0
43 18 0
69 47 0
0 0 0
34 32 0
0 0 0
7 21 0
0 0 0
30 66 0
20 54 0
0 0 0
0 0 0
0 0 0
62 43 0
31 63 0
5 77 0
0 0 0
0 0 0
11 14 0
0 0 0
0 0 0
0 0 0
19 39 0
0 0 0
0 0 0
0 0 0
0 0 0
0 0 0
0 0 0
0 0 0
0 0 0
0 0 0
38 19 0
14 63 0
0 0 0
0 0 0
0 0 0
0 0 0
0 0 0
10 17 0
0 0 0
0 0 0
43 36 0
0 0 0
0 0 0
0 0 0
0 0 0
38 62 0
0 0 0
0 0 0
0 0 0
24 63 0
0 0 0
0 0 0
0 0 0
0 0 0
51 16 0
45 77 0
14 11 0
0 0 0
0 0 0
0 0 0
68 69 0
0 0 0
25 60 0
0 0 0
0 0 0
0 0 0
0 0 0
0 0 0
26 59 0
0 0 0
0 0 0
64 11 0
0 0 0
0 0 0
11 73 0
0 0 0
0 0 0
0 0 0
0 0 0
0 0 0
0 0 0
0 0 0
0 0 0
0 0 0
0 0 0
0 0 0
27 46 0
0 0 0
0 0 0
0 0 0
0 0 0
0 0 0
41 29 0
0 0 0
0 0 0
0 0 0
0 0 0
0 0 0
0 0 0
56 76 0
0 0 0
0 0 0
0 0 0
30 49 0
0 0 0
6 78 0
0 0 0
0 0 0
9 50 0
0 0 0
0 0 0
0 0 0
52 79 0
3 55 0
0 0 0
0 0 0
0 0 0
0 0 0
0 0 0
0 0 0
0 0 0
0 0 0
0 0 0
0 0 0
0 0 0
0 0 0
0 0 0
0 0 0
0 0 0
0 0 0
0 0 0
43 47 0
0 0 0
0 0 0
0 0 0
65 25 0
0 0 0
0 0 0
0 0 0
0 0 0
21 69 0
0 0 0
0 0 0
34 21 0
0 0 0
23 26 0
0 0 0
0 0 0
0 0 0
48 56 0
0 0 0
0 0 0
0 0 0
0 0 0
0 0 0
0 0 0
0 0 0
0 0 0
0 0 0
27 23 0
0 0 0
0 0 0
0 0 0
35 67 0
0 0 0
0 0 0
68 50 0
0 0 0
0 0 0
49 44 0
0 0 0
0 0 0
45 40 0
0 0 0
0 0 0
0 0 0
0 0 0
0 0 0
41 64 0
0 0 0
0 0 0
0 0 0
0 0 0
0 0 0
0 0 0
0 0 0
26 14 0
0 0 0
0 0 0
22 57 0
0 0 0
0 0 0
0 0 0
0 0 0
0 0 0
0 0 0
32 77 0
0 0 0
0 0 0
0 0 0
0 0 0
0 0 0
0 0 0
0 0 0
0 0 0
0 0 0
0 0 0
37 4 0
12 43 0
36 17 0
63 10 0
0 0 0
0 0 0
39 23 0
0 0 0
0 0 0
57 74 0
0 0 0
0 0 0
0 0 0
0 0 0
0 0 0
0 0 0
68 21 0
0 0 0
0 0 0
0 0 0
0 0 0
0 0 0
0 0 0
0 0 0
0 0 0
0 0 0
0 0 0
69 28 0
3 38 0
0 0 0
0 0 0
0 0 0
0 0 0
0 0 0
0 0 0
0 0 0
0 0 0
0 0 0
15 22 0
0 0 0
32 55 0
0 0 0
61 3 0
0 0 0
0 0 0
0 0 0
0 0 0
0 0 0
0 0 0
50 79 0
67 26 0
63 14 0
0 0 0
0 0 0
30 55 0
0 0 0
0 0 0
44 45 0
56 61 0
279578634
