0 969
0 406
0 105
0 190
0 698
0 635
0 607
0 488
0 564
0 164
0 503
0 434
0 739
0 263
0 763
0 569
0 379
0 689
0 206
0 640
0 964
0 913
0 989
0 475
0 707
0 264
0 177
0 156
0 803
0 679
0 686
0 155
0 489
0 172
0 649
0 346
0 929
0 850
0 756
0 785
0 181
0 502
0 213
0 56
0 470
0 866
0 344
0 567
0 130
0 293
0 157
0 460
0 983
0 847
0 387
0 6
0 391
0 422
0 728
0 398
0 97
0 958
0 374
0 340
0 94
0 886
0 510
0 709
0 643
0 747
0 783
0 234
0 914
0 566
0 843
0 738
0 244
0 622
0 455
0 910
0 271
0 191
0 736
0 839
0 448
0 291
0 708
0 375
0 865
0 38
0 669
0 648
0 321
0 221
0 764
0 11
0 976
0 330
0 948
0 951
0 871
0 491
0 854
0 499
0 384
0 523
0 900
0 638
0 332
0 117
0 973
0 285
0 440
0 882
0 550
0 821
0 212
0 956
0 297
0 175
0 938
0 902
0 506
0 527
0 681
0 430
0 600
0 984
0 533
0 446
0 688
0 664
0 138
0 80
0 885
0 869
0 104
0 292
0 124
0 872
0 127
0 841
0 848
0 526
0 232
0 840
0 875
0 921
0 303
0 667
0 68
0 906
0 942
0 819
0 547
0 651
0 123
0 208
0 371
0 596
0 656
0 252
0 404
0 612
0 991
0 461
0 529
0 766
0 863
0 112
0 305
0 465
0 95
0 809
0 99
0 199
0 712
0 940
0 278
0 894
0 696
0 765
0 79
0 478
0 557
0 44
0 158
0 471
0 246
0 449
0 718
0 287
0 613
0 832
0 857
0 419
0 705
0 751
0 753
0 60
0 337
0 521
0 217
0 255
0 486
0 650
0 760
0 922
0 373
0 520
0 606
0 762
0 178
0 711
0 59
0 351
0 601
0 731
0 132
0 797
0 367
0 409
0 814
0 289
0 386
0 58
0 185
0 219
0 210
0 675
0 233
0 450
0 541
0 710
0 761
0 253
0 604
0 86
0 189
0 807
0 121
0 619
0 880
0 334
0 647
0 333
0 611
0 928
0 790
0 125
0 473
0 347
0 732
0 735
0 759
0 452
0 98
0 224
0 319
0 815
0 364
0 435
0 512
0 114
0 148
0 770
0 487
0 500
0 576
0 326
0 427
0 920
0 802
0 663
0 637
0 218
0 196
0 501
0 34
0 96
0 129
0 154
0 618
0 67
0 102
0 170
0 235
0 270
0 314
0 962
0 39
0 113
0 203
0 397
0 593
0 608
0 813
0 10
0 168
0 454
